
	AT	BA	BE	BY	CH	CZ	DE	DK	EE	ES	FI	FR	GB	HR	HU	IE	IS	IT	LT	LU	LV	MD	NL	NO	PL	PT	RO	RS	RU	SE	SI	SK	TR	UA	NOA	
HE8	0.1625954129750368	0.04701909887498492	0.27805161651169696	0.9034516738994659	0.0901386256956684	0.39561422950186675	3.623105217348422	1.1556933523998498	0.39677837355597917	0.2553061882459332	3.517440752198698	1.1885611947276653	0.8474602769880467	0.08617924144899418	0.23705411932697498	0.12864394012319977	0.002966376756295607	0.276054667100682	0.7830703126102828	0.02440536524315289	0.3405945594410249	0.05860240044014867	0.5274234546325496	0.24588788800197858	3.2349646327853274	0.02437930266690606	0.4501802522797034	0.08526372435037334	0.982672528959362	2.668328498965637	0.0424732394363155	0.14648320056917397	0.019620821865408745	1.813307591019732	0.2552401184662762	
HE5	4.359927954081356	0.8943258992073643	8.289128524764871	13.667665199044285	2.368796412588949	11.168276550956003	160.393670052886	60.24315801232236	2.7988718926320306	5.670196418863738	4.650926687774139	29.50960065387656	19.00653294368984	2.2943408116345636	4.923312854208624	2.6607023161186256	0.07572127865536495	7.059235890645887	19.439769042148423	0.7521220971993557	5.525029228303212	0.9181688665711771	20.573592764424845	2.875992310257908	113.9694706782152	0.5367412320844683	7.66373257888722	1.8947327999287211	14.639769205063402	57.472197374697174	1.2062329906466245	3.2229150192299953	0.4242328515003864	28.792931971723757	2.9604442176844823	
HE1	0.17358105143016409	0.03542736352365736	0.296065442629252	0.7765747447365557	0.09108706461282405	0.38491963471501367	3.1516494774986694	0.928318340657554	0.26444497465140965	0.32504900272892684	9.950172782282303	1.283076650478793	0.8869092993385527	0.06355816717888772	0.17809637339949014	0.1345479237608287	0.005968576678686093	0.24891382462942566	0.5590192484388756	0.024143229868198546	0.21842010699300018	0.05525897947743875	0.4769774292413671	0.42405142124400114	2.6790950899374617	0.026714763641446204	0.3744181077820783	0.0665898965222601	2.376284330293812	3.426672016744144	0.03920787260611348	0.12426777733741229	0.0351641167068098	1.863392831427203	0.4373020284632509	
HE2	0.5662983898882021	0.1131727138786864	0.7087276975612443	2.6426716377470947	0.2847239694305297	1.0400470817212042	8.629190912222203	3.3640843396944446	0.7692427813537476	0.7183185958735293	9.011302228997288	3.3961845791911984	2.4126426908566656	0.230999879214848	0.6169661624420214	0.3872631439273741	0.010469631166765483	0.9276639946308296	1.9115130435253302	0.058046820220572504	0.7729870440244176	0.17898255383744321	1.2934638942270427	1.2430877385540284	7.9731807079234285	0.0747512968899989	1.3075062609547607	0.2104155337756055	3.9477046267903115	11.597084021247701	0.12546571684506844	0.45401848152282603	0.06474072837719212	6.5138967699417725	1.2870500139967285	
HE3	0.32276990415266965	0.08857633514222958	0.6376198375373981	3.1443019160440357	0.15654921590481452	0.7658979601245749	6.673509037618616	1.9432618967340851	5.27205972888998	0.4909838179631361	4.219643180970335	2.1930004920656727	1.66542989357662	0.16741853026248035	0.39710227359562705	0.2573314480390072	0.008117389700084437	0.664183755065132	2.235402499758467	0.04840264757402534	1.2594434143674258	0.14595370712270794	1.12167401587084	0.3546985363412525	6.514684364910498	0.041250266779962845	1.0903296491502044	0.18936529512446698	6.493330113559748	2.7175399625883814	0.09173432258050847	0.27983035569803316	0.07199220741885085	6.073389322548963	0.36669265712276355	
HE4	0.29853289381898956	0.07979387953548649	0.5526251823015671	2.2543286196676093	0.142183540823098	0.7603750449362123	6.7263067379311225	2.006080318930129	1.839705374055791	0.4396488105900547	0.5974058810371352	2.0270504324992697	1.6411351412721187	0.17673096166869595	0.3635632435876359	0.2139193378016456	0.006182208122977107	0.5735788785862657	3.6665500717470962	0.049323035859831575	3.5709473826643996	0.1270069463677971	1.0341033314660235	0.21226774038096233	6.560345124161562	0.03302621943201187	0.906185122558652	0.17784532608872597	1.3136722675499455	2.260602160343739	0.08871302967094678	0.24541451078595936	0.056625673171142275	2.756146122376284	0.21995689809715036	
HE7	0.44237742531176766	0.05864208409449947	2.0928315219083093	0.4667667795970513	0.24322232705685476	1.1592046553769138	23.529232814811976	56.48140981349305	0.04412380597955376	1.085169784861551	0.11423630544377726	6.6532873629916764	6.127063223188518	0.1487332605552683	0.3651830958309601	0.8680574418663684	0.00977744142818661	0.8906054819188646	0.28657716185748544	0.12963411634778807	0.08418209409610622	0.027812425637769585	5.179984224293551	0.6916939123699635	5.03849562867637	0.09733701158540149	0.390226526939565	0.11260333677451728	0.6999763613274226	6.811546230937929	0.09851133036591357	0.26192941968463207	0.019767916544101104	0.8450149414879123	0.7094070632944643	
HE6	0.059543558301892785	0.007581192770265085	0.2311447108476489	0.059708083168880634	0.034099534315589416	0.1557284022223341	3.649975777385361	4.848703282701917	0.004957886234450463	0.11056247722878805	0.008212342999468105	0.7162521173809785	0.5206999655212813	0.02001499598205406	0.04578155665935968	0.06911173941564701	0.0011411337482924923	0.12366521402131285	0.04522453087514113	0.01622094198421618	0.013576115250606159	0.0035625733784444918	0.6138739929771774	0.033581921911348296	0.6972628275521057	0.009971940277261332	0.04427024441414019	0.012393120944134937	0.10655311683577033	1.0294689044103291	0.010814355578712591	0.030358462201179423	0.004807149293291514	0.09213631145137352	0.03446574100784002	
HE9	0.43201920323662696	0.07878347500719302	2.3692190246874234	0.3873781809299281	0.27723102919996606	1.0219402534280964	62.908196009871766	46.361629921307376	0.03532146096343199	0.8438363733732882	0.05754589728350634	6.441815959544022	4.609658424983113	0.14944963245173667	0.3372815264756359	0.6768058507808918	0.010344803638538907	0.8741508168157576	0.30201790569455306	0.14975981413045011	0.09009501269282157	0.028224331637628785	7.38316808997613	0.2228318132654481	3.8117819567486877	0.08995856792905856	0.3605477326635996	0.136210788702347	0.7255513229186819	1.405759346018181	0.0879218614502539	0.21762781861773808	0.021131048476413842	0.7486824078959229	0.22834213782100543	
EEZ48	0.742518541665938	0.2633979349678717	5.848848886624233	0.45481151435112305	0.9625803335681272	2.173539157575636	17.882132949502854	1.4968872792393189	0.12548075913779264	34.209981709788416	0.19994523227456953	44.37334764720354	19.797045698747166	0.23664060271750656	0.5108108817639931	6.8375213892094004	0.1664920227535109	4.2202329777224215	0.34776345674799086	0.4936291739786222	0.08927162866437534	0.13039581500179398	5.091591809846281	0.28733486106054806	4.237375497332349	9.302879823028116	0.5770624104317799	0.1612715729999862	0.6712750841818322	0.5884133326453888	0.2742674523997239	0.4605094646120294	0.1983735152258184	5.005569220065219	0.29395001691645123	
EEZ65	0.42892229954930566	0.11314164071717993	3.0202957336028677	0.5175543067988267	0.4547972928065005	1.1965602532006188	15.483602610270742	4.419808165311497	0.13941082618003614	3.741450162918619	0.38211690211775945	15.137232755768204	32.093328638469416	0.12479946173488123	0.3166867728024725	9.242406432274125	0.9747465173250619	1.66346420527292	0.3958272664480394	0.1907105173856103	0.11389328179397502	0.04318649635097071	4.809818260982678	1.4456544930774922	4.704758093638925	0.45744199626902465	0.4629231154393381	0.14366487778065334	1.3790377520028467	1.1406092628537616	0.13137157307882383	0.2172304738280061	0.07355945672465329	1.4266368898224921	1.4846107845376988	
EEZ71	0.8637572959120714	0.3306789808030856	5.433828650757633	0.6988832420490096	0.9462286920435288	1.923193171149789	29.24697512549949	7.131173553458885	0.3157054785145917	10.44310765154514	0.8006020930228192	30.289435962341432	57.45435511276363	0.32393461713544136	0.5919740182156686	17.47271264019766	16.48871264572501	4.017930167171554	0.8187048251276196	0.3996316152162965	0.24459945962728766	0.12654747959171225	8.823437550030487	2.3661358250126496	8.224279533272474	1.50218806513402	0.9650972808520194	0.32246233124662815	2.759745396598165	2.421578799130249	0.2945165429999648	0.44081388203579447	0.19768600271361467	6.698253147173687	2.4191674830078296	
EEZ91	0.24350620747103555	0.11500686871719956	1.4236089006469441	0.07426866418133947	0.30256054676551647	0.33630665923887637	4.571007146753562	0.3905537101798091	0.03490915570759382	45.24560984911718	0.041762770897257384	18.42296623607558	5.159159092709365	0.12936807472948517	0.18670671310385367	1.8442588333964387	0.03345866786449289	1.9817941495935896	0.05189951503072454	0.11855270435831922	0.02365720202567941	0.03693596137947484	1.4235855465976004	0.06807623110995402	0.6548236918191511	58.42024293793937	0.19262010506917795	0.08618047899832681	0.16202672256505296	0.10341018835360032	0.10134816098850495	0.11854504818385447	0.04077475109684969	0.7689366370347933	0.06955081935100334	
EEZ99	0.006683301743618583	0.0017670321951051488	0.056566968329952845	0.002766396714036367	0.01299920376778963	0.014159779948336145	0.16319711064893977	0.015276381465651063	0.0007964126661519185	0.9190531894779518	0.0009686350363775832	2.2408827607438053	0.27624238530062106	0.0026618615750184506	0.00583470488985949	0.09978819420730776	0.0006124332820938752	0.03847637976231707	0.001840704548919869	0.0035013506735453066	0.0004434470910290621	0.0007016141666770811	0.060882886123171366	0.0019038005700469202	0.025080022996101885	0.138301416010053	0.006523420852958733	0.0017933035333100973	0.009224553577399507	0.004403589497316076	0.0017797125332391242	0.0029522780379639	0.0008745108122624122	0.01486060041713267	0.0019420030315355672	
EEZ100	0.026397874419208243	0.004485097574144213	0.08767391799441078	0.012448745473516354	0.015059729077154062	0.0586016391700066	0.6056742923033074	0.11920924593935528	0.0044086416678079015	0.14469793532283784	0.007945643997838888	0.524062005205458	1.4792493297691987	0.0065266550675030415	0.01926084483732093	0.5351382492331703	0.018408181754028696	0.06951579145241371	0.010633419886363902	0.005707411302653831	0.0031345798598569788	0.0024077036462292647	0.15616185416562553	0.027309887869592177	0.17238061081449904	0.017168149783181656	0.037139469036671306	0.008133159035189961	0.04100820487118629	0.03038366537291477	0.007048410672151542	0.010272537545049589	0.002090531112112328	0.046426823211259745	0.027913493348041288	
EEZ108	0.5934444350057216	0.22287845112338314	5.309803715988031	0.23175202695318176	1.0058547886973106	1.399521280329364	19.02372762808828	2.223062433407906	0.1349269436297715	17.24774730659711	0.22585227493835344	68.53630052377248	68.82135568523174	0.2554261762920445	0.48084950752954153	136.5300673914265	0.32738534086559595	4.465554617897035	0.2399381424042902	0.40256369913425755	0.08620267682417698	0.0730865467478224	6.304763458703973	0.4573661791988794	3.089068657658441	3.084783559157825	0.5649216251033374	0.18440067419534711	0.9686456619027733	0.7072066307755596	0.2967223977320677	0.28328037904166464	0.1126619991890241	2.836250676956572	0.46447464907906233	
EEZ109	0.01731341217492787	0.0029021133492650904	0.34895323955294355	0.010090429768695978	0.036413863471183354	0.0410468070838294	0.8215582820820835	0.05714746132649553	0.0029034867832838374	0.5816696517105525	0.003937124310402794	10.473154230602029	2.7955096904835917	0.003103718101958562	0.00553838834446085	0.5236158004543431	0.0015085735772039542	0.06535689027422607	0.008191744309335482	0.014166769023340568	0.0024240291605531774	0.0013573304568062913	0.3677256045282851	0.004964093587521053	0.168532849309731	0.06213613982672019	0.011268414934071979	0.002769784309506296	0.044503792809114345	0.012650773659553584	0.0038216034625001877	0.004861403142584742	0.0023621579818571352	0.05106484409693579	0.0050496251912358365	
EEZ110	0.0029932434455327696	0.0006293618308177574	0.07510205955562493	0.001879876835110045	0.007114071573057913	0.007947158048944204	0.15742341676688162	0.015243997831992836	0.0004901043993040169	0.19646443224856816	0.0008662607171641884	6.163487426261803	0.6164219476642611	0.0010986400471676555	0.001435644943493436	0.1525742803752838	0.0004905860688406449	0.017290840926051047	0.001582583541986012	0.002547335461857156	0.00048335714190782616	0.0004548460641291673	0.08021051016659751	0.001468554154982105	0.03368182025327021	0.023073034917387294	0.0030641955483048772	0.0008286868896868168	0.008403380778054777	0.0029236983418902216	0.0010527398978832298	0.0011444887174617616	0.00116226604932356	0.008740941325329708	0.0014957553280964654	
EEZ119	0.0021796958982331816	0.0006004568694547601	0.01054428102778982	0.0019213273028921996	0.0021910261884716758	0.004539885994205679	0.056331394325164284	0.015464095629986685	0.0006139185444992299	0.015097917331277919	0.001510012856645237	0.057885562605476386	0.12607040025865948	0.000584169926316909	0.0013406457628573306	0.04162914633581464	0.011335263556319378	0.00884409227505722	0.0017653025683066665	0.000616271503421103	0.0004978816450292328	0.00018102165894380521	0.016967948723606442	0.004985203192259469	0.016360677109578576	0.0019973101978129257	0.0016625993026482568	0.0005526305518159887	0.005920251245159608	0.004779481090526724	0.0005959118558790939	0.0009804446573278918	0.0004204121990891688	0.008068123892977262	0.005097598468303083	
EEZ123	0.06252796678333704	0.018261715606136462	0.23067195268697482	0.06891685365732379	0.05575387383348459	0.10063842566922576	1.3918344005847185	0.40076836770821817	0.02549978267322983	0.3021144074188175	0.06983912186504176	0.9713575465267019	1.640018638511754	0.02053569816731711	0.03313046973820768	0.4462384837442736	0.24380138413927663	0.18666665531021506	0.06974488000469001	0.019601092773814364	0.01897583837489274	0.006950075832966567	0.39843642866213486	0.2622719176424941	0.5136057544602287	0.027124673909687452	0.061683008348325886	0.02004068707722561	0.14425514231551895	0.20417048923237816	0.015298034966521238	0.029014621022884043	0.006972411614697418	0.26887860911835926	0.26818650479927425	
EEZ185	0.2708912844734488	0.030956984703051308	1.1021385814047455	0.25423391325763467	0.14839815232872502	0.6252348762017362	11.365309911276405	16.16991541517699	0.03269361590225056	0.6604354829180966	0.08786798245789158	3.8455183551777004	3.779499537823843	0.0900235266947823	0.2085187490742626	0.515122297762649	0.005003006250985757	0.5518248568224874	0.17040538440366512	0.07703960580221728	0.04987127520356794	0.018509049190512158	2.496220791223295	0.6651169698308061	2.7003038611831194	0.05740012591193994	0.225965947277157	0.058947638256527456	0.4307263692661121	5.678216131821743	0.06054950103370391	0.15549056548140092	0.013713619219053412	0.5893633935920471	0.6828600124938827	
EEZ187	0.0022664736277043782	0.000440883396905873	0.009594099178432047	0.0027153128398482115	0.0014671639302067776	0.006095060106498437	0.08960972465103838	0.07392341685488762	0.0005189736796777435	0.004755738505610838	0.0013026100205639605	0.03395996609527293	0.03132285265438339	0.0009054031362469016	0.0021474207277193797	0.004187971474061227	3.857965577600693e-05	0.004460525686526685	0.0020163374762030613	0.0006642775813317992	0.0006272613760979649	0.0002504918715442729	0.019347777178676414	0.01262438890794657	0.0275164698080501	0.00041537018512201584	0.0030241398645882087	0.0007859815110685312	0.005065583617792502	0.03308782608872621	0.0005428542627046998	0.0015951437859509877	0.00016358653704736411	0.009362294450568798	0.012934091154189772	
EEZ188	0.019536368906162057	0.0047503320328014	6.963190964484773	0.010393770401573806	0.03526859229419019	0.03773523011070074	1.177131625437371	0.0892019185406586	0.004577870664212829	0.24752257111704642	0.00488823017585975	5.706963267646548	3.230000859251682	0.0077273537470967345	0.007618056898779912	0.27669101247326916	0.0033316624914285584	0.06845512246481034	0.013067925762702099	0.02648983696227335	0.004570180637126164	0.004016438333474609	1.9171963987761724	0.008143447789802626	0.09888387103344687	0.04024445019845892	0.01315841232987651	0.005073146884729946	0.02714662909778594	0.016559124389596246	0.005348326857920502	0.005268477084301559	0.0026053903922508316	0.06277300379947719	0.008291052947100473	
EEZ189	0.6260681350950218	0.14514541945771423	24.82108402854999	0.3085394912453982	0.6878438638174939	1.2776834410565712	43.63834649039825	5.236484804607706	0.102825098346242	3.9220729767935674	0.13029226235335103	44.56089238226892	53.66754539983347	0.18981337481295	0.3048010557392092	5.180611844688469	0.0872674102928797	1.36754051838063	0.31691054189738194	0.49746515947054465	0.12341204771186776	0.07374183017339622	58.42864339042456	0.311106022289662	3.753705905463058	0.45436305087638895	0.3343028937911023	0.13976542580658277	0.9821291969451762	0.7664511061672763	0.15413898456910824	0.2479923997543992	0.06969120769276484	1.744755629474778	0.31655788890059805	
EEZ190	0.566688746851748	0.10375657650643215	7.639579444437601	0.34113432117723486	0.519282262862954	1.256119516680176	88.50300355098899	10.97320111846696	0.08284519471807113	2.243466431622598	0.09394682411342718	20.57798538591997	22.35588362054217	0.15849856598401385	0.3757227794870425	2.7763647152934863	0.03513179273573689	1.11938517598961	0.29909142670774785	0.3342927442309291	0.12475664610094345	0.054132416662759475	34.311935517820764	0.3321401881271202	4.097675974726048	0.24968927841798158	0.4107583660777629	0.142775987978568	0.9214185860813302	0.8945727651605666	0.14347875221771925	0.24634817977484927	0.04273360111004951	1.1293405628425	0.3388811961965103	
EEZ191	1.0572030698667976	0.2139660313613246	7.448770856765613	0.933584483586861	0.7224161013504661	2.8054973022992162	61.19461116995831	91.45959285372498	0.15095839344309872	3.3663328206959835	0.2911322125128127	24.58228349757282	30.271298880405464	0.3630389912569902	0.9299611279467171	4.086770723453582	0.039424487724735814	2.1371270608843367	0.6400245185105345	0.43673885869353285	0.19786165972798694	0.06881064166534628	18.179099951572315	1.516707954467466	11.465659367894622	0.34451234815398674	1.0239622789887413	0.3497529829245267	1.7841682673318429	5.8182098751586055	0.25208195444720677	0.6475056630629095	0.07537749201906332	2.239541443055811	1.5540839275706029	
EEZ209	0.4973914903373707	0.13986021052617814	8.530870213223759	0.236127939789288	0.8622708403764779	0.972632923614364	15.520667380395318	1.4188212902612853	0.0728336129342178	49.41140729091429	0.09724443241863219	339.9659987329417	40.77269706210799	0.20181408928582076	0.3195511578529047	13.923134349587405	0.06810853710582297	2.802150887901519	0.1912542054551306	0.33101886610332243	0.05931728463757765	0.05898169030173719	7.126901907965894	0.16618408926444805	2.8983838979019656	6.578538246998838	0.3798090248413461	0.12274912993932247	0.8764807909470346	0.3220370392262966	0.17147694102090452	0.21228464711561576	0.09836218394559255	1.3530125333257768	0.16928096454052666	
EEZ212	0.34646161926803787	0.17337072506249632	1.4892434298218455	0.7637478594784076	0.346892608766171	0.9791226621833257	10.972342014482898	3.587919141159459	0.2300304771816253	4.681263483531063	1.3942773412194496	9.778299556667925	16.488233376909573	0.17448639882519582	0.3144945220555919	5.4148620563019385	4.407678625421917	1.2571920152007001	0.5772405449395502	0.21047738038774697	0.19245271348170512	0.12025880533203515	2.344151440260162	2.61536815312092	4.33343316929495	0.6411862427673859	0.7175835875513926	0.15752244797250212	3.4693941436548896	2.548912256499023	0.1704942967866754	0.26801682311025504	0.19000087422806763	3.6873733575584056	2.6934984210909785	
EEZ213	2.5814027416464667	0.6581438096411535	29.42909168740418	1.4687447245876104	2.8485535668326207	6.383977646229013	103.77408718280638	19.773057625552514	0.49045209298164966	30.133162306905447	0.8980961165791136	193.13006896344407	480.55110240511596	0.8362920493161438	1.730677344153679	125.50727430068461	0.851322454907521	8.672148587275148	1.3446493860107032	1.3645797773571429	0.4377165282148732	0.22981844558803508	42.858724490420734	3.2018421261940446	20.562624669332077	4.0220693616891054	2.254533152272342	0.708635564847519	4.612446220162313	3.978599446552336	0.771563527413997	1.2043213535942816	0.32887368723996185	7.5819965196309544	3.265307712155547	
EEZ215	0.6860283288437107	0.19362434595255174	1.2179046392681114	2.314262920850401	0.4110208931371974	1.7839320268970142	11.371910484474979	3.6796371151392506	0.5514667601889395	2.0210656647393894	3.0360676415612864	6.234665827843941	7.540577845695619	0.18549262472866176	0.5687050903088698	2.2282837749674704	0.7801316880581227	1.6503279168520655	1.3311798080552781	0.21946919169661258	0.5129666585432231	0.2830867959166729	1.9598935740284409	3.650371000085931	7.478521225133325	0.2763278506535151	1.8754774825000908	0.26224724578811653	12.668248103362778	3.480111564367148	0.16018937220050847	0.5044654006922288	0.41844827399435586	9.350429177598881	3.755580925084514	
EEZ216	3.0132262063935484	0.7355676829314035	17.127104965975953	4.244484426314729	2.351331324541576	7.632868563163278	107.73520582905361	47.59808680260753	0.9938220224644967	17.48620686318341	4.752072743265153	77.20495567825171	116.5374639285317	0.9616797337965229	2.600611399495312	20.03027043513416	1.2904268738693598	7.142340472099822	2.7308683071312836	1.112788965457112	0.8934116089757449	0.3647966832422514	30.23114655996982	38.804631219728755	32.00651248964959	1.6507235206180033	4.0820735933890955	1.043240384469411	15.354768382746476	13.35150221966937	0.6845494688268378	1.8585453692751355	0.4461391415584655	12.167535766601185	40.21408528249884	
EEZ224	0.3287645069137021	0.09069387683302808	1.0194156416553393	0.7168878521777667	0.274948744690075	0.6155248860853432	7.665836484486231	2.8803203899986642	0.2184332040229745	1.9121442027762694	0.7805305703955413	5.828379713110313	8.47754678631661	0.10392539497960178	0.18374256646860676	2.6154358373969333	1.0283572221149637	1.0246182976007119	0.6018016391174877	0.08671328339905758	0.18650092960810083	0.05322701241979014	1.7330749481784105	2.125951844411667	3.432861824691868	0.21023584609069643	0.35409091594741104	0.09653843115486728	1.4626113696925618	1.8996490222610174	0.08065272682239899	0.1505621700415137	0.05763679861926784	3.119060665429911	2.190049046390628	
EEZ273	0.6746879792174046	0.24809964929514475	5.3536833166200255	0.2895071397616291	1.1691576447478653	1.2125321632963486	17.82349789924814	1.2421110219528022	0.07748943023416699	108.42691010962166	0.11115532741696299	129.5691282586404	22.112960104128522	0.25728823574014387	0.4693596003949007	9.118939372386713	0.08497649171213266	3.7183997337471886	0.1904952334461144	0.44053185293672326	0.05603057146482698	0.07141520833967137	5.583460313454959	0.19156402482091814	2.81821104798839	16.711731094718242	0.6071087423919567	0.21210492412424042	0.7352418070089154	0.37571923501301735	0.20341233123479105	0.29952978032304095	0.11534783441478874	1.7234935646408063	0.1952982093822004	
OR1	4.811303881622002	1.1626838896856173	19.488922972743868	14.345745712561845	3.7957607548447534	11.688100345753528	129.1681544093366	38.174799274458465	3.311134010900808	31.4487160890969	20.093529429610335	100.10593105499419	161.29376626868495	1.4300888805502092	4.025474729976504	41.86357743719038	20.64700141249639	13.114487939911045	8.256333922814276	1.5047419463162406	2.9093395610823407	1.0988084206519826	32.12899918069028	47.97728766909999	56.520556116085714	3.71566701446658	8.722246813040337	1.6018021812109493	72.78057224192871	24.43894617442794	1.1762989123312204	3.259314964806182	1.8269537405524081	46.93619500833654	49.63320072814622	
OR2	6.17486975215429	1.4016515653416597	87.1765995375509	4.617875081108726	5.721041214219063	15.325382479925702	352.7687496047186	171.11727022137188	1.0398476496728921	38.658287717792334	1.8885138206122696	385.16958254405404	513.5055886849029	1.9530224704487764	4.478504972910458	57.27078974054705	0.7155336256106475	15.028936810084069	3.6856681760256644	3.1551423099880758	1.1531098934247177	0.5184722562771036	170.72959031666358	20.010144854542443	56.87352232249884	4.1463391501749465	5.505805768590565	1.8215270188862738	10.748389321948258	22.35274846766502	1.522235378737572	3.1853936977816204	0.5925881417474866	15.7351267457452	20.643762604102346	
OR3	0.6856735729195521	0.2665490770621594	7.401911947735488	0.3323058602240024	0.977361507061122	1.4856828548914258	23.92469098926661	2.774522368989061	0.15938486575125713	22.804127074063043	0.2298188375470591	146.93186959339656	201.51507654806218	0.3286185630085318	0.5343479127745506	175.59062900096606	0.2533723205575306	3.9925770141872703	0.3084979494881661	0.4555604930280183	0.11669068772179829	0.0892498564909474	8.95789773310443	0.4793535066330316	4.266184335295154	3.8784492467817167	0.6963593354671566	0.2408562959544043	1.2743251013928845	0.7849943541190978	0.31622434285733103	0.33487770653368654	0.12594456978928958	3.0511010113625416	0.4875641468532741	
OR4	0.9767225880574651	0.35981309382612836	8.20054915916574	0.4241464083848423	1.6993259102179044	1.8119543190219487	25.180077945762893	2.0042404768800046	0.12391305996746249	164.31311053452725	0.1681827019753425	356.7664964326541	38.86217752251775	0.4414507522707876	0.7259751901846604	17.69628025312315	0.1323297739513906	6.194165569911704	0.2972891470196694	0.5982924311985092	0.09120551672323346	0.11305664182894255	8.69148687870796	0.2924476603438872	4.49284161744938	51.579022162306465	0.8343524347292286	0.3067076996642974	1.28261822372857	0.5478885685879124	0.34556066665323826	0.4556692516235668	0.1823749253352214	2.57735941185075	0.2981691793524661	
OR5	5.82024985142606	1.814461284670184	41.791399830911324	2.6362975405406317	7.621461121439939	13.052805283456728	167.0036175985165	18.604839856423876	1.1599348271869483	188.12507968407047	2.21978761946625	425.6699352976621	317.3579790099418	2.1056198093106695	3.929653304636838	182.59315065470255	8.831275238030539	34.20477447351366	2.6312288977519285	3.5373495389802145	0.8025749444886108	0.7046119833226326	48.29558982416659	4.327308882140345	34.1424160820111	50.395856434594954	4.544449191585369	1.479276655423339	8.667103027308825	6.273621149576823	2.3113794062419797	2.803526800023134	1.2080829847238912	32.24779376900721	4.4173657073689805	
