
	AT	BA	BE	BY	CH	CZ	DE	DK	EE	ES	FI	FR	GB	HR	HU	IE	IS	IT	LT	LU	LV	MD	NL	NO	PL	PT	RO	RS	SE	SI	SK	TR	UA	NOA	
HE8	0.16972191754098584	0.056772004242045704	0.22591916078349447	1.0904999588251594	0.1034938959489568	0.36922662089124053	4.127798848831043	0.8335469708134587	0.5691420484575541	0.2455598774756522	3.9019858167859915	1.0815483097316185	0.7467305878434587	0.0418170585213872	0.30444215384012857	0.11371260992452319	0.004276375384816977	0.24965441641130845	0.6948063932404974	0.02145217739711035	0.442044027524838	0.029241041827825456	0.5184529154140348	0.2787041347725862	2.6389512262862236	0.018696574758849414	0.2848658043845864	0.13060131364528335	2.530920970939125	0.04018264688324983	0.16326284391842152	0.05258578276074305	0.9511984562608623	0.3268568757100625	
HE5	4.551022191633679	1.0798308550865037	6.734983178429485	16.49738305587821	2.719765999943837	10.423348566811109	182.73629025011545	43.4505414166596	4.014724058840682	5.453736736446853	5.159390377581254	26.85268444707062	16.747403864579912	1.113291117152776	6.3228767068866745	2.3518822908278563	0.10916098619685959	6.384131936976799	17.248611773545175	0.6611110504864889	7.170713989911788	0.45814188549896134	20.223672374768288	3.2598228198885164	92.9716112990427	0.4116287782688151	4.849469372807263	2.9022259414875453	54.512624528036724	1.1411805401552955	3.5920997745977257	1.1369868562080823	15.103776424013022	3.7911028780302036	
HE1	0.1811890529902648	0.042775860881494106	0.24055553848211733	0.9373547602216394	0.10458285906380897	0.35924535934783536	3.5906699653229808	0.6695521257424005	0.3793219706723132	0.3126402608259914	11.037977838508402	1.1675540045705517	0.7814906733006067	0.03084055454357541	0.22872432532619025	0.11893133525074935	0.008604394009276128	0.22510916506947373	0.4960092874228678	0.02122176189176747	0.28347870249615664	0.027572763540855316	0.468864887605658	0.48064540883747736	2.185495693299294	0.020487648166627348	0.23692490932105081	0.10199798363924707	3.250213034515772	0.03709338211268711	0.1385026450589215	0.09424338158727756	0.9774714413809709	0.5600027755200107	
HE2	0.5911190658678344	0.13664748891695283	0.5758469188770889	3.1898035007374475	0.32690971976770716	0.9706755746254173	9.831225475665976	2.426354971316926	1.1034079514393957	0.6908967918210897	9.996465033942703	3.0904068780425344	2.1258743845819605	0.11208888944883393	0.7923528512122081	0.34231463045507526	0.015093184948489031	0.8389476462677447	1.6960564869032178	0.051022825198621134	1.003228902792378	0.08930754207853436	1.271464363320742	1.408990477063773	6.504193212294839	0.05732703800925324	0.827365973693008	0.32230054846703676	10.999883695915521	0.1186993189793894	0.5060262760297626	0.17351168577791767	3.4169649884534175	1.648177994060701	
HE3	0.3369168050621565	0.1069492226511994	0.5180712142678633	3.7952900072455305	0.1797441234176951	0.7148122961106901	7.60311977450822	1.4015829234946489	7.562284322100761	0.4722405164163746	4.680956696641431	1.9955522575997389	1.46747579469153	0.0812370863312175	0.5099876425328492	0.22746373085392788	0.011702156655838063	0.600665112827746	1.9834386814137244	0.04254565223272449	1.6345811284839673	0.07282702453903886	1.102596326660434	0.40203667402802706	5.314411823676067	0.03163497771907086	0.6899405981863419	0.2900571900947447	2.577598254242771	0.086787067345162	0.3118849090438193	0.19294638143921494	3.185890014738771	0.469581416013971	
HE4	0.31161749437419495	0.09634507202110594	0.4490123775566815	2.721058954172092	0.1632499770884247	0.7096577613129007	7.663272122700413	1.446890881201649	2.638887991209432	0.4228652223533785	0.6627174240857718	1.8445436202489045	1.4460687327176889	0.08575579040127596	0.46691437908427075	0.18909033874005218	0.008912368459200638	0.5187251557934378	3.253274182358313	0.04335466830704352	4.634589482882141	0.0633730939905457	1.0165150645631502	0.2405970355177968	5.351659994922689	0.025327926276208723	0.5734173201774045	0.2724116661549477	2.1441907983901274	0.0839287135269227	0.27352673080653317	0.1517625188427086	1.445778945512149	0.2816736841172179	
HE7	0.46176668533868565	0.07080587945394547	1.7004423388089844	0.5634049597080918	0.2792590414443706	1.081885296100537	26.80682295998537	40.73737030635949	0.06329153752983942	1.0437434409313697	0.12672521728333896	6.054254281161492	5.398796435234133	0.0721703667396225	0.4689947112348383	0.7673045242900526	0.014095313335114434	0.8054331925497701	0.2542755624990642	0.11394765179310744	0.10925656587348127	0.013877661926799428	5.091881863226414	0.7840075204232284	4.1101977076284255	0.07464810371216445	0.24692818693383292	0.17247831731068178	6.460780674900018	0.09319858938539355	0.2919334216992386	0.052980011344644244	0.4432656168436669	0.9084566239367099	
HE6	0.06215333327861026	0.009153716647305563	0.18780692502123095	0.07206988942325987	0.03915184671530978	0.14534126288061905	4.158412441352956	3.4971404181540415	0.007111631367924195	0.10634175594503342	0.009110159392585582	0.6517638892565291	0.45880922315991834	0.0097119473809972	0.058796007237083774	0.06109013963541906	0.0016450763584312722	0.11183859762678922	0.04012703926753066	0.014258115849803452	0.01761989584733357	0.0017776295235582761	0.6034330831525192	0.038063771934254725	0.5687983649540366	0.007647516806856193	0.02801339845867083	0.018982960078283394	0.9764556500865004	0.010231134645165828	0.03383602253839261	0.012883645250413722	0.04833152282169145	0.04413633911685876	
HE9	0.45095446572718806	0.0951250850043625	1.9250093938840858	0.4675799520416401	0.3183065979585072	0.9537764781643516	71.67122219586771	33.43845156038418	0.050665383970089316	0.8116229296229918	0.06383711648138116	5.861822843916233	4.061751375154711	0.07251797441188804	0.4331614850746212	0.5982509524411194	0.014913231620604173	0.7905521551932763	0.267975899954869	0.13163802580606856	0.11693070592788564	0.014083192083935507	7.25759347184664	0.25257099168485064	3.1094950983858793	0.06898954877687348	0.22814799041971603	0.20863864524713016	1.333368740134609	0.08318021320862184	0.24255707443063193	0.05663334249246957	0.3927329009965623	0.2924117031821217	
EEZ48	0.7750628901236437	0.31803307675251347	4.752236468152438	0.5489745074381241	1.1051997755230827	2.0285633293244794	20.373089760176047	1.0796340176813988	0.17999059691093908	32.904016055450086	0.22180429335779725	40.37816425258848	17.44395575062192	0.11482595768995145	0.6560205133356195	6.043910049996479	0.240017518462699	3.8166346261727333	0.3085652325121057	0.4338972395239769	0.1158620687989446	0.06506404945877631	5.004992847259916	0.32568262915510887	3.4566768216233705	7.13441194197662	0.3651545062123746	0.24702509124382602	0.5581125576366195	0.259476139272853	0.5132608009094213	0.5316610409445012	2.625748515261752	0.37642822265390014	
EEZ65	0.4477218257490072	0.1366099704255511	2.454014423702601	0.6247074044568198	0.5221817321522031	1.1167492623769413	17.640447405280693	3.1877986492885424	0.19997199564625842	3.59862034641532	0.42389192525437364	13.77434209836072	28.278694365748535	0.060556884779426896	0.4067122034343535	8.169667039042729	1.405209909455473	1.5043802365313674	0.3512115207512417	0.16763346131845389	0.14781752554960462	0.021548915005379293	4.728011767613638	1.638591831208954	3.8379483394532627	0.3508139095664517	0.292929254404328	0.22005632413780726	1.0818727544689684	0.12428667089164609	0.24211421381497267	0.1971467677478104	0.7483643778719427	1.901171514867369	
EEZ71	0.9016154999078646	0.3992698488506317	4.415029209401593	0.8435782108726794	1.0864254146596828	1.7949155084711006	33.32103900178209	5.143378303152274	0.4528504442939778	10.044442138269714	0.8881281113012333	27.562306773191136	50.62529245618665	0.15718394144688783	0.76025612056287	15.444705400622041	23.77038747214083	3.6336788709345	0.726424354895208	0.3512739193902843	0.31745583500069746	0.06314383226889124	8.673366498222961	2.6819207860261245	6.709029316639931	1.152033421356013	0.6106958531101313	0.4939263958124969	2.296877827402486	0.2786331912918408	0.49130909032737585	0.5298184380270475	3.513671968721573	3.097951568376935	
EEZ91	0.25417900609202554	0.13886209210510617	1.1566936101755803	0.08964505526032447	0.34738902999177407	0.31387488647803125	5.2077422284127195	0.2816879247287602	0.050073970038441544	43.51835921876585	0.04632849596938305	16.764242414489818	4.545938030002942	0.06277372904197469	0.23978235027143882	1.6302010426688192	0.04823454180620129	1.7922669703812104	0.046049651313208505	0.10420715361001855	0.03070373431848913	0.018430064016767247	1.399372876750444	0.0771616985458254	0.5341782618005193	44.802694090263124	0.12188646857188855	0.13200553756612848	0.09808500505629175	0.09588242901448746	0.13212437756507667	0.10928044798584381	0.4033575691913351	0.08906579284144761	
EEZ99	0.006976228705825233	0.0021335576750007	0.0459611138877585	0.0033391442950455054	0.014925213600494877	0.013215317632711767	0.18593024631016772	0.011018131643002402	0.0011423806498548881	0.8839683446466876	0.0010745312970018735	2.0391234148818973	0.24340803264071034	0.0012916245186987269	0.007493352694032768	0.08820606701023914	0.0008828934513562952	0.03479672427228968	0.0016332291852480028	0.0030776673501929593	0.0005755322059000831	0.0003500868401415159	0.059847376016619915	0.0021578821753522642	0.020459252249649496	0.10606385256444435	0.0041279010334346845	0.0027468633231712836	0.004176823434777572	0.0016837321858642169	0.0032904613405703802	0.002343777233747092	0.007795357084418839	0.0024869015393089674	
EEZ100	0.02755488475017447	0.005415415960699562	0.07123575911692266	0.015026101360464254	0.017291033916943328	0.05469288917305539	0.690043897860039	0.08597999256408902	0.006323790601902641	0.13917409332290992	0.008814303457824583	0.4768777396054867	1.3034247758625932	0.0031669519517436933	0.024736178825757477	0.47302629982000727	0.02653752432663704	0.06286770851837446	0.009434871939441298	0.005016782110120359	0.004068245564824844	0.00120138019090706	0.15350581749352735	0.030954670973341272	0.14062101937269553	0.013166315717803757	0.023501174624991003	0.01245783317788139	0.02881903629786073	0.006668288100601831	0.011449256210588907	0.005602834359855363	0.02435390597069734	0.03574562369238151	
EEZ108	0.6194549133969826	0.2691088658734178	4.314257958614072	0.2797333638879446	1.1548859330590158	1.3061727174273827	21.673707025590506	1.6033898208797879	0.1935402789253353	16.589314753542652	0.2505436297533756	62.36558985398196	60.64120382098063	0.12394134808230262	0.6175419358283243	120.68341720085665	0.47196385626210535	4.038495142258559	0.21289346900285055	0.35385120449643376	0.11187899921043593	0.0364682462570295	6.197530594156515	0.5184063610601332	2.5199352844829215	2.3657315886625105	0.35747203999815585	0.2824527132784434	0.6707885079782737	0.28072008371992463	0.3157301323900981	0.30194552783692036	1.4877990247494417	0.5947996480990854	
EEZ109	0.018072253452545737	0.0035040822839552573	0.28352729619597916	0.012179526105472226	0.041809075389167706	0.03830897057727154	0.9360002339396346	0.04121776176999131	0.004164784488372465	0.5594644195140218	0.004367551381927927	9.530196935515447	2.463233559354595	0.0015060281260459484	0.007112801419261635	0.4628412283575872	0.0021747833946071425	0.059106540277831514	0.007268410289933159	0.01245250948734944	0.0031460502913703095	0.0006772718585510814	0.3614712430126956	0.00562660251174741	0.1374821736373956	0.04765242875767736	0.0071304462336550705	0.004242571762982488	0.011999312815487337	0.003615503420493779	0.0054182766310975905	0.006330821783744218	0.026786851339927132	0.006466478402501786	
EEZ110	0.0031244363413917772	0.0007599067907270446	0.06102102365301317	0.0022690816459896173	0.008168118578169849	0.007417079804725393	0.17935228471916975	0.010994774859229528	0.0007030096405659906	0.1889644048298953	0.0009609648804747179	5.608553802274302	0.5431536271822636	0.0005330970007845857	0.0018437597287392757	0.13486542477021532	0.0007072365924091664	0.01563724622369689	0.0014042023367527585	0.0022390933990648247	0.0006273298613239504	0.00022695610907622096	0.07884627139248412	0.0016645476865769033	0.027476245013655448	0.017694793331068694	0.0019389667255266503	0.0012693275741625324	0.0027731403569906565	0.0009959653687347742	0.0012755898431992304	0.0031149903097416752	0.004585195548784267	0.0019154430592888405	
EEZ119	0.0022752312672015794	0.0007250062369440098	0.008567312611769644	0.002319113910819704	0.0025156566857000994	0.004237073997521931	0.06417828097706596	0.011153520994109961	0.0008806096332089429	0.014521554512555717	0.001675095378965853	0.052673798094309866	0.11108558908435627	0.00028345884211207283	0.001721754866524623	0.03679737167753068	0.0163410942152847	0.00799829511598834	0.0015663261532349341	0.000541699150349019	0.0006461806317770098	9.032500138495579e-05	0.01667935395569096	0.005650529408561311	0.013346368143759682	0.0015317443628407442	0.0010520623357416457	0.0008464827988406997	0.004533358215418462	0.0005637741786621991	0.0010927545441252403	0.001126747122160305	0.004232258790471164	0.006527912300722787	
EEZ123	0.06526854742228394	0.022049639841357854	0.1874228052370953	0.08318521980405791	0.0640145728065078	0.09392580718962025	1.5857150405092824	0.289055274227675	0.0365770906710391	0.29058119342540395	0.0774743008262012	0.8839007341407634	1.4450849382140234	0.009964609546354579	0.04254856061337973	0.3944448730871251	0.35146790969987446	0.16881495025739224	0.06188357257666469	0.01722924919056698	0.024627980067163695	0.003467903304505296	0.39165973039813967	0.29727478028974785	0.4189784709928928	0.020802009823287695	0.03903187601194392	0.03069699427958729	0.19365658053175908	0.014473008068740268	0.03233824441987329	0.01868676679315655	0.1410444202525638	0.3434358344331924	
EEZ185	0.28276436219657136	0.037378216702013245	0.8954964063932951	0.30686984146344126	0.17038536828795417	0.5835314894866058	12.94848213177444	11.662595432120604	0.046895982155807085	0.6352233660302762	0.09747417098240448	3.4992845934511023	3.3302657224995644	0.043682434665260235	0.2677949544367781	0.4553335419671629	0.007212412494938293	0.49905156119322713	0.151198109058178	0.06771737582318237	0.06472592922495574	0.009235524099832792	2.4537644948469013	0.7538836138108908	2.2027969374364096	0.04402036267988756	0.1429871057396769	0.09029207967685655	5.385812238307005	0.0572840511174666	0.17330200203394022	0.0367538835051582	0.30915965550343194	0.8744608471907399	
EEZ187	0.0023658124365975794	0.0005323333427962422	0.007795282264700665	0.0032774841484010577	0.0016845443333642874	0.005688517448133912	0.10209223747836076	0.05331746528057659	0.0007444199654840145	0.004574188243408711	0.001445018177453799	0.03090235832350331	0.02759979766682522	0.0004393319701739622	0.0027578739968912684	0.003701885733201915	5.5617038518483914e-05	0.004033947148415082	0.0017890656136948025	0.0005838962201006664	0.0008140973991368996	0.00012498879292217915	0.019018705741962776	0.014309242379574108	0.022446805447916125	0.000318548886522211	0.0019136202237546578	0.00120391430973195	0.0313839442794267	0.0005135779949169372	0.0017778674273994579	0.00043842842867457683	0.004911135911272857	0.016563213691527096	
EEZ188	0.020392641661121046	0.005735666500848336	5.657648312954275	0.012545669594072455	0.0404941166230417	0.035218276955990245	1.3411044606535159	0.06433712613810182	0.006566534017601249	0.23807339984023487	0.005422637127140605	5.193133095042554	2.846080820373253	0.0037495712241683494	0.009783663143782763	0.24457628661608535	0.004802977045523781	0.061908475697256764	0.011594972022437507	0.02328441619592846	0.005931454274157565	0.0020040960852441597	1.8845882822167768	0.009230273962515826	0.08066539895954408	0.030863613370930337	0.008326401910773752	0.007770709671777394	0.015706400165596105	0.0050598902367750215	0.005871980872618344	0.006982709190962587	0.03292854704002076	0.01061740481441606	
EEZ189	0.6535084997505417	0.17525211172328106	20.167329159299154	0.37241870508337027	0.7897573401152601	1.1924615049969638	49.71710883400314	3.7768288945572266	0.14749313724220173	3.7723478864689697	0.1445364955818923	40.54882327469756	47.28858545082981	0.09210381606100543	0.39144770048900224	4.579313205901919	0.12580607115437004	1.2367569569494552	0.28118990983277903	0.43726904897839797	0.1601715503182828	0.03679521528751919	57.43487560779232	0.35262629432192066	3.0621190420281574	0.34845265528865926	0.2115407378836525	0.21408340242707413	0.7269821457703626	0.1458262301176731	0.27639991682826176	0.18677946995311612	0.9152384678296969	0.40537954287579403	
EEZ190	0.5915265320513277	0.12527821550185325	6.207219359048653	0.41176188383377715	0.5962210325052691	1.1723359019804194	100.83135163356484	7.914451124453989	0.11883380488744233	2.1578221266587696	0.10421758347842476	18.725233004871253	19.69864850428011	0.07690882047543035	0.4825305401086892	2.4541200897300803	0.05064654493423548	1.0123337373217898	0.26537927960421576	0.2938414229969654	0.16191665067539332	0.02701063860845851	33.72835024014251	0.37646768414403625	3.3427156911809397	0.19148760422758268	0.2599203580519115	0.218694781738355	0.8485060862084793	0.13574090679517167	0.27456735153172424	0.11453036371116854	0.5924130055422406	0.4339664535938345	
EEZ191	1.1035399398109567	0.2583477933593789	6.052185856499943	1.1268713870627778	0.8294519274949298	2.6183696429517407	69.71893731722271	65.96547987123701	0.2165359177872257	3.2378231043741263	0.3229603123590434	22.369001515513215	26.673232270058406	0.17615869538517645	1.1943237670094229	3.612431061128785	0.0568349615426526	1.9327447522823487	0.5678840330563071	0.38389097559331636	0.2567967177821377	0.03433468315331	17.86990564547818	1.7191281017841462	9.35321380099104	0.2642077569081353	0.6479445439609594	0.5357284046565288	5.518596901420591	0.23848711084021537	0.7216774046045815	0.20201928581555537	1.174785995446556	1.9901378365175193	
EEZ209	0.5191919991100117	0.1688706218380954	6.931400232457725	0.28501525433704833	0.9900280589482202	0.9077579646361157	17.682675247497315	1.023328711000286	0.10447311250973967	47.52512739161832	0.10787570361255426	309.35693755346205	35.92642731687657	0.09792696524371795	0.4103908551981655	12.307116399770782	0.09818633825156986	2.5341695975034475	0.16969695127554937	0.29096370272233685	0.07698552626931275	0.029430297397977517	7.0056859239015195	0.18836305109524362	2.364382492500716	5.045104604485934	0.24033618273138416	0.18801896986125377	0.30545350631038476	0.16222914618966958	0.23660184289834166	0.2636205798266863	0.709743586457568	0.21677880232692737	
EEZ212	0.36164692041806995	0.20933203260369249	1.2100221897236505	0.9218722299989747	0.39828949332243385	0.9138148353540935	12.50077434116301	2.5877964301055907	0.32995754233653596	4.502556304431621	1.5467070502050764	8.897903956881947	14.528431050241991	0.08466665322388356	0.4038967554639372	4.786374672710456	6.354178827060589	1.1369615379747084	0.5121767670194289	0.1850084215979433	0.24977666324193656	0.060005950788138675	2.3042815743217155	2.9644157105512963	3.5350367235063316	0.4917280320129673	0.45407372901377013	0.24128243037203778	2.4176541552353377	0.16129949620770634	0.2987181368848999	0.5092215180916064	1.934268550320552	3.4492558769287105	
EEZ213	2.694544792140359	0.7946588523988525	23.91137221228554	1.772829812550316	3.2706057383895963	5.958164086085362	118.22967645559454	14.261371542264314	0.703508375137006	28.982829185909917	0.996280692663198	175.74147681443048	423.4324804734838	0.40579695271421046	2.2226618113718772	110.9400078353951	1.2272798399535771	7.8427951149208495	1.19308697446702	1.1994578718541238	0.5680947381069233	0.1146733022840747	42.12977346346138	3.6291606175093443	16.77414430960123	3.084539436321847	1.426627215835193	1.0854409230887427	3.773718557572465	0.7299529110925947	1.34227630482879	0.8814146722066942	3.9772531811839293	4.1815067452578	
EEZ215	0.7160967294733501	0.23378674736001356	0.9895572536842329	2.79340189719853	0.471919260127266	1.66494313164673	12.956002155846674	2.653948268066109	0.7910282980831432	1.9439115064675976	3.3679864739071577	5.673323609888794	6.644299774625391	0.0900072431962059	0.730372469734068	1.969653319552861	1.1246501108286793	1.4925002257568238	1.1811356225552307	0.19291217265420935	0.6657588662031105	0.1412527947342138	1.926559254108622	4.137550244726586	6.100670331248963	0.21191682093142006	1.1867677423700596	0.4016929246374816	3.3009006735410984	0.15155031881271772	0.5622518872842769	1.1214836047040724	4.9049117993858316	4.809343668329396	
EEZ216	3.1452949402230677	0.8881423212028067	13.915909675717833	5.123251443159432	2.6997132202263283	7.123753538471895	122.74257354447037	34.33024944587779	1.4255461974866737	16.818671119326556	5.271594250156247	70.25375696860958	102.68574387276651	0.4666392628995532	3.339894442717876	17.705414856633098	1.8602996762328108	6.459288883250854	2.4230579659798406	0.978135178666513	1.1595231189753255	0.1820238589754192	29.716968277879918	43.983505072753985	26.109597776647828	1.2659457955424107	2.583061277897576	1.5979663766460714	12.663956845793393	0.6476315427088898	2.0714416490099947	1.1956979243779056	6.3826684976161525	51.4975872678584	
EEZ224	0.34317414933087287	0.10950599402132617	0.8282833566718479	0.8653104486572735	0.31568616178289854	0.5744691591349462	8.733677085742295	2.0774389080547064	0.31332232166439644	1.83914812004953	0.865862264587545	5.303617731380563	7.469899967129568	0.050428087444844984	0.23597557741933825	2.3118697614183326	1.482495944629415	0.926629807850918	0.5339694527910652	0.07622048347276332	0.24205208150239477	0.02655886593121474	1.7035984115270562	2.4096818032784513	2.8003876240655448	0.16123062530252033	0.2240622352620729	0.14787116117834945	1.801825206202368	0.07630310485111448	0.16780905914121172	0.1544724370879137	1.6361513648506119	2.804545747966428	
EEZ273	0.7042593359765402	0.29956155433101184	4.349910484841618	0.34944594504650556	1.3423843407818634	1.131655840437216	20.30628692713006	0.8958759498034666	0.11115145380034268	104.28771407583133	0.12330741058540268	117.9032870020975	19.484599037728987	0.12484488178255641	0.6027857608020292	8.060530443832262	0.12250344689852173	3.3627937729234123	0.1690235269410254	0.3872249959843435	0.07271983297525055	0.03563429276819401	5.488495538420893	0.2171301979332899	2.2989807757554774	12.816286586668022	0.38416727383000904	0.32488824447108083	0.3563712981547318	0.19244225272625717	0.33384090178113385	0.3091438373003078	0.9040851238812394	0.25009611707600676	
OR1	5.022181780654809	1.403852823570542	15.834905683388618	17.315851595406674	4.358154626578852	10.908499931193582	147.16110272577157	27.53367771006036	4.74951690736665	30.248161717749593	22.29025941503119	91.09282804024794	142.12228250905892	0.6939270919917245	5.1698076392954775	37.00459303874975	29.765041956754796	11.860295163847082	7.325719672831876	1.3226596220806603	3.775915208771464	0.5482762267028038	31.58254178545971	54.38034608863853	46.10714731199402	2.849558375977191	5.519277760086798	2.453534262781874	23.18044476326254	1.1128608142599594	3.6326693321316466	4.8964204034688885	24.62110480085819	63.559572918924744	
OR2	6.445512303980917	1.6923882106932921	70.83168389583433	5.573947928031806	6.568691718721581	14.303174064425521	401.90895686645746	123.41879612849384	1.491565722482872	37.18250803327644	2.094976052752894	350.4905871136113	452.4699747136199	0.9476720097226369	5.751622050726525	50.62353475491657	1.0315245280546872	13.591657362690176	3.2702373858733456	2.7733521655031232	1.4965751135448178	0.2587038895761547	167.82578224319892	22.68070279376467	46.3950826401925	3.1798423833518243	3.48397287778045	2.7900941850645604	21.20167733353334	1.440140839474149	3.550280387641157	1.5881960247273552	8.254103354414829	26.4361096062124	
OR3	0.7157264247113305	0.3218378424035915	6.0141126183863625	0.40110560128527534	1.1221709820361745	1.3865872845835643	27.257367920550806	2.001131797913865	0.22862291655118303	21.93357978793655	0.25494383778271856	133.70276255809995	177.56286124095993	0.1594567490905007	0.6862484816839451	155.21033235507744	0.36526552216491465	3.6107503449329106	0.2737255443785895	0.40043508524396804	0.15144816658211638	0.04453330865592423	8.80553975162967	0.5433281216165037	3.48017788790995	2.9743966544741283	0.4406434116868328	0.36892768749016774	0.7445704956038938	0.29917028400850776	0.3732379311834457	0.3375441575416828	1.6005020804396028	0.6243677314769751	
OR4	1.0195320244130024	0.4344470859246578	6.663011735896807	0.5119605776844011	1.9511042860719972	1.6910963270056143	28.687628573498476	1.4455638901235466	0.17774187677740327	158.04045944877143	0.18656931671878826	324.6447914480504	34.24299339363117	0.21420671186742488	0.932350178776939	15.64232416708711	0.19076868331142252	5.601791872431293	0.2637801442143039	0.525895648007961	0.11837198459948707	0.05641226242959004	8.543660074215587	0.33147778365461583	3.6650755855928434	39.55613731130144	0.5279629132015032	0.4697944968563277	0.5196746459495144	0.3269244924368791	0.5078661417635479	0.48878320543709286	1.3519936197935214	0.38183122223028243	
OR5	6.075349527254679	2.1908247119794777	33.955846386420056	3.1821097270226963	8.75068482788316	12.182178568325023	190.26699450320794	13.418791301852297	1.6638197231011624	180.9434069526653	2.462466440129866	387.34446410244874	279.636599682475	1.0217173568631372	5.046746790586068	161.4000915659411	12.731305274795659	30.933630281827522	2.3346494315984114	3.1093101483936962	1.0416298529093182	0.351582671050597	47.47416734324786	4.904832392073527	27.851980165366076	38.648763266091564	2.875644073435549	2.265857794918658	5.950556439113939	2.186726129837535	3.1246706557121064	3.2377843205253103	16.916077450295376	5.656815874617941	
