
	AT	BA	BE	BY	CH	CZ	DE	DK	EE	ES	FI	FR	GB	HR	HU	IE	IS	IT	LT	LU	LV	MD	NL	NO	PL	PT	RO	RS	RU	SE	SI	SK	TR	UA	NOA	
HE8	0.16556133978979887	0.04701909887498492	0.2861445431932628	0.9485160826083464	0.09491677515154522	0.4297121162541573	3.6794556130344582	1.1880048883308034	0.3940146371409756	0.25444886083370205	3.507450839213879	1.1844883269921682	0.8758006808491251	0.08590800351631345	0.24351653017937067	0.13255945629032856	0.002966376756295607	0.27494730355839975	0.7586930499383735	0.024603892360768858	0.34517023052132156	0.057416178621156576	0.5526368825463384	0.24594501025529633	3.26910077844391	0.024810841230288094	0.44434202961606467	0.08475751735511317	1.022754807340165	2.657795201994778	0.04198542533690586	0.14459291195112933	0.019575744522939167	1.754838601357504	0.2552401184662762	
HE5	4.4394580404032	0.8943258992073643	8.530390597780643	14.349411958079472	2.494363706327251	12.130867379734477	162.88828343859117	61.9274706897875	2.779376515146428	5.651155694249795	4.637717551875944	29.408479482393144	19.642141283395727	2.2871196728991863	5.057528916385091	2.7416857104759687	0.07572127865536495	7.030918526756435	18.834601985512034	0.7582402859895914	5.599254478698377	0.899583417257401	21.557111403077087	2.8766604324766205	115.17210467682973	0.546242100233419	7.564344440461444	1.8834838543216603	15.236911475163767	57.24532436309079	1.1923791507271913	3.1813249969332165	0.4232582088648686	27.864521562956202	2.9604442176844823	
HE1	0.17674736888987228	0.03542736352365736	0.30468267690468415	0.8153104986244798	0.09591548977305027	0.41809575714562425	3.2006672908015674	0.9542727959265341	0.26260299874012505	0.32395747642369904	9.921913213100709	1.2786799046359316	0.9165689405204782	0.06335812612978219	0.1829515176150676	0.13864313858583022	0.005968576678686093	0.24791533365131754	0.5416167766066561	0.024339624627626205	0.22135444208209673	0.05414043473082344	0.4997792897256718	0.42414993269530066	2.707365562911553	0.02718764225001156	0.3695624165973573	0.06619455522453892	2.4732107093589133	3.4131451387798726	0.03875756193240569	0.12266416706553213	0.03508332982936367	1.8033088739469847	0.4373020284632509	
HE2	0.5766283220123258	0.1131727138786864	0.7293558146192037	2.774488798761125	0.2998168740439506	1.12968846710371	8.763401290663802	3.4581393342923428	0.7638846660216222	0.7159064560535402	8.98570915394938	3.3845468018030935	2.4933252550877216	0.23027283719597835	0.6337854813175848	0.39905021372272237	0.010469631166765483	0.9239427705054376	1.8520069496121667	0.058519006061282075	0.783371632869851	0.17535961332670866	1.355297812248195	1.2433765204589644	8.057315679678448	0.07607447121174205	1.290549691565278	0.20916630597186903	4.1087277460422165	11.551304226878623	0.12402471666514736	0.44815961194140125	0.06459199148916536	6.303860168987401	1.2870500139967285	
HE3	0.32865759739203276	0.08857633514222958	0.656178300389151	3.30114052816054	0.16484771774040965	0.831910504569756	6.777302566187285	1.997592724603944	5.235337507050559	0.48933507654799974	4.207658936977445	2.1854856909871208	1.7211244872560119	0.16689160225432756	0.40792781018482965	0.2651638064395852	0.008117389700084437	0.6615194535213115	2.165813609672201	0.04879638223081556	1.2763632348655831	0.1429993320348041	1.1752955351520267	0.35478093641312647	6.5834289230878795	0.041980438643718206	1.0761895636260823	0.18824104166519273	6.758186876682835	2.706812402069797	0.09068073456724517	0.2762192922156404	0.07182681081053231	5.877556613706056	0.36669265712276355	
HE4	0.30397847619222773	0.07979387953548649	0.5687098040666251	2.36677512811487	0.14972053401525373	0.8259115707688366	6.83092143263366	2.0621674601868376	1.8268910145190345	0.4381724539859972	0.595709183583326	2.0201042959929	1.6960172802433544	0.1761747239961694	0.37347446157264036	0.22043036836260074	0.006182208122977107	0.5712780287385145	3.5524090389952008	0.04972425747826519	3.6189207874508256	0.12443608903407899	1.0835385425365898	0.21231705233258288	6.629571505946186	0.03361081725592654	0.8944331398957451	0.17678946618081845	1.3672557106373786	2.25167837382454	0.08769414184300699	0.24224756567116704	0.05649558000381139	2.667275883297769	0.21995689809715036	
HE7	0.4504468969159821	0.05864208409449947	2.153745147501137	0.4900492301532613	0.25611527523211913	1.2591162008022116	23.895184532955525	58.060549382678836	0.04381646420519911	1.0815257454832714	0.11391186195446552	6.63048840273963	6.331961849050568	0.1482651419986928	0.3751384731444177	0.8944783750589401	0.00977744142818661	0.8870329140228326	0.27765591093292513	0.13068863395925628	0.0853130269391514	0.027249450300875108	5.427612875781527	0.6918545998897995	5.09166307877382	0.09905997613108082	0.3851658221618795	0.11193481569830127	0.7285277317462323	6.784657472934927	0.0973799069910578	0.25854935836130594	0.01972250126282079	0.817767953650344	0.7094070632944643	
HE6	0.06062970109634571	0.007581192770265085	0.23787237249979068	0.06268633816677409	0.035907113142959045	0.1691505923942557	3.706744092673383	4.984266103074835	0.00492335236960094	0.11019120443221525	0.008189019055229698	0.7137977211308711	0.5381129909031551	0.01995200139029964	0.047029622836969216	0.07121528298529517	0.0011411337482924923	0.12316914434462889	0.04381667483641291	0.016352892349435388	0.013758501716311664	0.003490460252676079	0.6432201806260807	0.033589723332824985	0.7046205170929464	0.010148453807618472	0.04369611984302756	0.012319543528149133	0.11089931718786161	1.0254050488181026	0.010690150427484717	0.029966702222306435	0.00479610523425655	0.0891654326724805	0.03446574100784002	
HE9	0.43989972899025553	0.07878347500719302	2.4381771415288687	0.40670070716421064	0.2919267412889916	1.110021016025727	63.88661135372572	47.657834894632856	0.03507543140536689	0.8410027403176191	0.05738246069793307	6.41974165281415	4.76381264904887	0.1489792592079655	0.34647626986671054	0.6974056881941587	0.010344803638538907	0.8706442550352064	0.2926159788175216	0.15097804561102024	0.09130538183299243	0.02765301855550993	7.73611973590111	0.22288357935847544	3.8520048212510107	0.09155092648411718	0.3558719212891541	0.13540211121850063	0.7551458717106216	1.4002100740050425	0.08691206035594172	0.2148194461429114	0.02108250150343552	0.7245416034431376	0.22834213782100543	
EEZ48	0.7560629314669168	0.2633979349678717	6.0190845637436174	0.47749763311136634	1.013605658855478	2.3608759278935323	18.16025494899374	1.5387381101775544	0.12460673029316739	34.09510335414327	0.19937736614323417	44.22129256013694	20.459090027659858	0.23589580725643958	0.5247362663774542	7.045633994567251	0.1664920227535109	4.203303968013766	0.336937454285226	0.4976446343540255	0.09047093616429829	0.1277563606501184	5.334994870397378	0.2874016118665918	4.282089329972463	9.467550299825424	0.5695786995718385	0.1603141107379141	0.6986557567877579	0.5860905555297641	0.2711174329506457	0.4545668323096525	0.19791776719731746	4.844167714644413	0.29395001691645123	
EEZ65	0.4367463342278117	0.11314164071717993	3.1082039868809637	0.5433700526593177	0.47890559732508226	1.2996914678116298	15.724420108353959	4.543379690616916	0.13843976827305787	3.7288862379773384	0.3810316486988357	15.085361680749804	33.16657999851324	0.1244066716913454	0.32532007579328015	9.523716160303968	0.9747465173250619	1.6567913979114024	0.38350502016757054	0.19226186517075505	0.11542336552931141	0.04231232116578073	5.039751163921552	1.4459903332965227	4.754403862852351	0.4655391869310248	0.45691963525469204	0.14281194569658298	1.4352873910682131	1.1361066777717495	0.12986274289633767	0.21442722887859222	0.07339045948053177	1.3806358594535213	1.4846107845376988	
EEZ71	0.8795132196402844	0.3306789808030856	5.591984814071734	0.7337437232118225	0.9963872347895392	2.088952686512051	29.701855268932842	7.330550983487339	0.3135064505797594	10.408039318419094	0.7983282963029276	30.185642512744835	59.375719065373424	0.3229150751390369	0.6081120179708068	18.004526954659504	16.48871264572501	4.00181267338204	0.7932182471645648	0.402882446002341	0.24788549765299653	0.12398592272198199	9.245241140040532	2.3666855023923645	8.311064161839797	1.5287783285396073	0.9525812880043687	0.32054788651613325	2.8723127880604356	2.4120195530930904	0.2911339584810659	0.4351254108619631	0.19723183419269893	6.482272088054621	2.4191674830078296	
EEZ91	0.2479480399747006	0.11500686871719956	1.4650442377282362	0.07797320481546631	0.31859894873514977	0.3652928420544121	4.642100324001054	0.4014730342489814	0.034665998037528685	45.09367345512194	0.0416441601013235	18.359835868781147	5.33168948291313	0.1289609055718722	0.19179658664160568	1.9003922608366917	0.03345866786449289	1.9738443959718985	0.0502838643157442	0.119517079463848	0.02397502147449061	0.03618830867302075	1.4916399177921023	0.06809204590973929	0.6617335531196696	59.45434092073731	0.1901220855376845	0.0856688292708934	0.16863563856462724	0.10300197391367542	0.10018415601653759	0.11701528672017274	0.040681074214611396	0.7441427474021953	0.06955081935100334	
EEZ99	0.006805212832559251	0.0017670321951051488	0.05821339762619651	0.002904385314615473	0.0136882772690831	0.015380207670877001	0.16573532613212572	0.015703487278449366	0.0007908653005858777	0.9159669756338955	0.0009658840078857995	2.2332038804844196	0.28548036491518375	0.002653483712570943	0.005993766712146344	0.10282543239616543	0.0006124332820938752	0.03832203591211055	0.0017834027491098056	0.003529832650768601	0.00044940452039432684	0.0006874121881441996	0.06379338668390098	0.0019042428422519988	0.025344673592104974	0.1407494923637584	0.006438820999288267	0.001782656768814378	0.009600814349459058	0.004386206211888152	0.0017592721600033642	0.0029141804434903904	0.0008725016903383607	0.014381429483052368	0.0019420030315355672	
EEZ100	0.026879401924567028	0.004485097574144213	0.09022574128217269	0.013069692193898206	0.015858028759896104	0.06365249909087821	0.6150943847325108	0.12254216623821555	0.004377933533670384	0.14421203442361638	0.007923077507672098	0.5222661908697136	1.5287177527209923	0.006506113271148552	0.01978592110706221	0.551426171264436	0.018408181754028696	0.06923693634782234	0.010302397670994076	0.005753838631385676	0.0031766909447702757	0.002358967236502484	0.16362715670062883	0.02731623223386991	0.17419961358808192	0.017472043573524512	0.036657820877412026	0.008084872826388452	0.042680890567696556	0.030263725054262034	0.006967458191249766	0.010139975853849558	0.0020857282762509963	0.04492981880901012	0.027913493348041288	
EEZ108	0.6042695421268248	0.22287845112338314	5.46435002902912	0.24331187942061083	1.0591740452780782	1.52014565267355	19.319604925311985	2.285216084758978	0.13398711794287047	17.189828747447514	0.22521082999783892	68.30144573602419	71.12285000578962	0.25462225568604796	0.4939581051976624	140.68561242260597	0.32738534086559595	4.447641526871025	0.2324687810606042	0.4058383811580543	0.08736075490985128	0.07160713880930976	6.606162074149071	0.45747243000675547	3.121665272959426	3.1393873796055094	0.5575953636377219	0.18330589547298223	1.0081557977095208	0.7044149139893366	0.29331447850703735	0.2796247948235622	0.1124031668345189	2.744797515710385	0.46447464907906233	
EEZ109	0.017629228669901995	0.0029021133492650904	0.3591098177394907	0.010593743077289582	0.03834412234287556	0.04458462062822551	0.8343360325191371	0.05874522274493705	0.002883262716932825	0.5797163839864111	0.0039259424506239895	10.437265651920576	2.888995929045049	0.0030939495536696196	0.005689372183272178	0.5395530154531967	0.0015085735772039542	0.06509471815344021	0.007936732339715364	0.014282009577706952	0.0024565944491647808	0.0013298555583148794	0.3853046919586834	0.004965246796870661	0.17031124955373603	0.06323601298065282	0.011122278991595076	0.0027533402214311334	0.04631906021489555	0.01260083439760782	0.003777711541937935	0.004798669293293849	0.0023567311039696627	0.04941828955958453	0.0050496251912358365	
EEZ110	0.003047843638956303	0.0006293618308177574	0.07728796830610579	0.001973645589396711	0.007491180686421164	0.00863212151827304	0.15987183360627824	0.0156701982446343	0.0004866906059478656	0.19580469758074706	0.0008638004428351245	6.142366873792212	0.6370360666029404	0.0010951822207799589	0.0014747825357418198	0.15721816069273475	0.0004905860688406449	0.017221480581384507	0.001533317142683203	0.0025680569369018833	0.0004898507373995224	0.0004456391319642683	0.08404496595018167	0.0014688953150251368	0.03403723913808871	0.023481451207104594	0.003024457119519203	0.0008237670119353351	0.008746146692191583	0.002912156965743965	0.0010406489584584538	0.0011297196928385129	0.0011595958316789827	0.008459095040386165	0.0014957553280964654	
EEZ119	0.002219456051329193	0.0006004568694547601	0.010851181215381929	0.0020171636174870413	0.002307170078057967	0.004931177578165262	0.05720752023632184	0.01589644966278477	0.0006096423309998086	0.015047217978925229	0.0015057242564650026	0.0576872049261808	0.13028639262464572	0.0005823313275954033	0.0013771935509814305	0.04289620637257619	0.011335263556319378	0.008808615152163997	0.0017103480594841305	0.0006212846062378033	0.0005045703679739259	0.00017735744314485347	0.0177790998929938	0.004986361305584621	0.01653331901460143	0.0020326646287894315	0.001641037661771926	0.0005493496084458142	0.006161732665978484	0.004760613963142432	0.0005890676827206266	0.0009677925349741456	0.00041944633411130353	0.007807972192941211	0.005097598468303083	
EEZ123	0.06366854861133563	0.018261715606136462	0.23738585431433976	0.0723544445654672	0.05870932539339549	0.10931242520083735	1.413481693306674	0.4119732790164848	0.02532216543739846	0.30109989631397666	0.06964077118921819	0.9680289751174804	1.6948634398755524	0.020471064733285842	0.034033650445588	0.4598205770463167	0.24380138413927663	0.18591786214246575	0.0675736966096412	0.019760539207487396	0.019230766683257027	0.006809393343259772	0.41748364410934896	0.2623328460722734	0.5190254492128866	0.027604808348769758	0.06088306402496437	0.019921706396219648	0.15013917244941935	0.20336452085307113	0.015122333813301686	0.028640202607234155	0.006956393030544798	0.26020878349429366	0.26818650479927425	
EEZ185	0.2758326521898215	0.030956984703051308	1.1342172538618014	0.2669151681666549	0.15626457524487444	0.6791237063106861	11.542075329936692	16.622003161336497	0.03246589044433963	0.658217716684517	0.08761842786387114	3.8323408362543643	3.9058919437019974	0.08974018937522871	0.2142032477481152	0.5308009973034636	0.005003006250985757	0.5496112708882658	0.16510060302015328	0.07766628976001934	0.050541264037391335	0.018134391534278305	2.615552387919649	0.6652714832570076	2.728798134348763	0.05841616678121433	0.22303547774206858	0.058597668711250495	0.4482952884432461	5.655801224210336	0.059854077263149584	0.15348404155919862	0.01368211322433642	0.5703597329125866	0.6828600124938827	
EEZ187	0.002307816706112079	0.000440883396905873	0.009873343522344919	0.002850753363256891	0.0015449366772471898	0.006620391739593317	0.09100343064037154	0.07599021003569596	0.0005153587990477853	0.004739768563737218	0.0012989104669181874	0.033843594762588025	0.032370338086339275	0.0009025534978561577	0.0022059622753409654	0.004315440129004918	3.857965577600693e-05	0.004442632768516821	0.0019535681597048133	0.0006696811928821613	0.0006356882333651771	0.000245421449150749	0.02027269582023828	0.012627321681687653	0.027806830392477527	0.0004227226617456647	0.0029849209032809447	0.000781315173278581	0.005272203958491974	0.03295721102448364	0.000536619467177294	0.0015745592948215505	0.000163210709449291	0.009060413015694749	0.012934091154189772	
EEZ188	0.01989273468144236	0.0047503320328014	7.16586050711247	0.0109122144212535	0.03713814159982292	0.040987619703730355	1.1954396316609628	0.09169587681259238	0.004545983775458101	0.24669138137259672	0.004874347072334528	5.687407096148122	3.338017165512269	0.007703032908107967	0.007825735270776213	0.28511261501125723	0.0033316624914285584	0.0681805221195376	0.012661116496963864	0.026705320358069384	0.004631578104564721	0.0039351381350182365	2.008847789651073	0.008145339595419035	0.09992731805931927	0.040956818081167794	0.012987765704013284	0.005043027833977721	0.02825391429456472	0.016493756810289344	0.005286900197647583	0.005200490160011349	0.002599404706442966	0.060748926842872926	0.008291052947100473	
EEZ189	0.63748833592216	0.14514541945771423	25.543522602078625	0.32392952276340936	0.7243057108698799	1.3878066419669122	44.31705658693195	5.382889442624031	0.10210887617382629	3.9089025139118116	0.1299222182061421	44.40819463169976	55.46227248281803	0.1892159619497852	0.31311033826095175	5.338293344602654	0.0872674102928797	1.3620547769926892	0.30704500185720635	0.501511823933055	0.12507001000757248	0.07224915807691047	61.22181911153708	0.3111782953778499	3.793315937130713	0.4624057410594531	0.3299674421110971	0.1389356445980107	1.022189313329583	0.7634255202553346	0.15236866587104336	0.24479218833905717	0.06953109745590347	1.688497055712614	0.31655788890059805	
EEZ190	0.5770257995345904	0.10375657650643215	7.861935843934492	0.3581501914426633	0.546808844753855	1.3643841286003102	89.87949663366872	11.279996153223076	0.082268141388782	2.235932790219447	0.09368000495023115	20.507470369014126	23.103499512025852	0.1579997124010915	0.385965482607085	2.860868508617655	0.03513179273573689	1.1148948830100316	0.28978060218233964	0.33701207148913176	0.12643267222002108	0.05303667564741116	35.95221432067352	0.3322173476656293	4.140915663505734	0.25410903373143684	0.4054313914049059	0.14192833319430198	0.9590023743568293	0.8910414156280293	0.1418308685331595	0.24316918615308922	0.04263542391923611	1.0929256699578134	0.3388811961965103	
EEZ191	1.0764876663765905	0.2139660313613246	7.665573611476636	0.9801519248214755	0.7607105847081176	3.047302379477827	62.146375015172815	94.01667247574314	0.1499069016357957	3.3550285533544657	0.2903053654740209	24.498046867800426	31.28361870112811	0.3618963733386215	0.9553131062317245	4.211159146442697	0.039424487724735814	2.128554206031696	0.6201003232589158	0.4402915408969528	0.2005198051657846	0.06741778601593229	19.04815008982576	1.5170603011271087	11.5866478369145	0.35061056867411505	1.0106828875591303	0.34767651479088096	1.8569427950222854	5.7952423385612235	0.2491867401141803	0.6391499432243793	0.0752043179774483	2.1673288045985246	1.5540839275706029	
EEZ209	0.5064644815837631	0.13986021052617814	8.779168381857748	0.2479060639476307	0.9079788697031477	1.0564639003785492	15.762061349305974	1.4584895076172835	0.07232629468877373	49.2454819984705	0.09696824769042801	338.8010300686881	42.13620014611371	0.20117890573763267	0.32826254779317326	14.346910685967545	0.06810853710582297	2.79091036164697	0.18530039271519172	0.33371156177532985	0.0601141745947259	0.05778779094895534	7.4676027735167665	0.16622269551594535	2.928968360529641	6.694985094681537	0.37488342082949894	0.12202037373366992	0.9122316092744477	0.32076578953904805	0.16950749224177256	0.20954522545723409	0.09813620432648251	1.3093854751169696	0.16928096454052666	
EEZ212	0.35278147656333997	0.17337072506249632	1.5325891152012538	0.801843804933369	0.3652810046068169	1.0635129878138418	11.142995577387461	3.6882322371950065	0.22842821342755557	4.66554363147467	1.3903174424473719	9.744792051165438	17.039625820362023	0.1739372256217364	0.32306806137277927	5.579673394511246	4.407678625421917	1.252148924939256	0.5592708375425715	0.21218952307585778	0.1950381931700715	0.11782454295132465	2.456213376146538	2.615975729701352	4.379160626210429	0.652535894307656	0.7082775090579833	0.15658724410143365	3.61090743295582	2.5388503582879247	0.16853613388350963	0.2645582070491556	0.18956436170398228	3.5684762681778817	2.6934984210909785	
EEZ213	2.628490488287419	0.6581438096411535	30.285650208153594	1.5420061003423842	2.999552259905121	6.934211006349455	105.38809244180574	20.32588408302599	0.48703587778564456	30.031974058236628	0.8955454262651341	192.4682660793142	496.62148669079676	0.8336599290658387	1.7778579123826042	129.32732024413107	0.851322454907521	8.637361197952364	1.302789963227659	1.3756800451571403	0.4435969711168611	0.22516649187085236	44.90758172444155	3.2025859466339295	20.779606562649015	4.093264098383618	2.225294938292794	0.7044284265510274	4.800583517140393	3.9628938205340734	0.7627019578172836	1.1887802202880613	0.3281181250147584	7.337519698202082	3.265307712155547	
EEZ215	0.6985422723736942	0.19362434595255174	1.2533527804240223	2.429698968109986	0.4328086588340942	1.9376886607357664	11.548778562287888	3.7825145147641615	0.5476255509185377	2.0142788531536437	3.0274448803857745	6.213301366843132	7.792746622564354	0.1849088108633622	0.5842087481143493	2.296105711527251	0.7801316880581227	1.643707804295642	1.2897396981163192	0.2212544788905937	0.519858039041211	0.27735659149735253	2.0535860992914503	3.6512190183379283	7.557436427873007	0.2812191359098131	1.8511551025466646	0.26069029538139793	13.184973901746288	3.4663737323822903	0.15834956352633955	0.49795554016610305	0.41748692098467877	9.048930331164902	3.755580925084514	
EEZ216	3.068190908293585	0.7355676829314035	17.625603793265796	4.456200433348449	2.4759728131624112	8.290743504086333	109.41081862901164	48.928861344810656	0.9868996136424086	17.427487548219876	4.73857634160634	76.94039582689756	120.43465991796334	0.9586529721482401	2.6715075281037386	20.639928749747504	1.2904268738693598	7.113689743139368	2.6458553868694694	1.1218410236265355	0.9054140251878557	0.35741251839733407	31.676343636144622	38.81364592961319	32.344253113240036	1.679943013331198	4.0291346773729435	1.0370467120210176	15.981074789664921	13.298796813291794	0.6766872740173787	1.8345618193253157	0.44511417089153493	11.775201048280111	40.21408528249884	
EEZ224	0.3347615485826887	0.09069387683302808	1.0490865932198703	0.7526464080610396	0.28952347538621903	0.6685768146911002	7.785063747635214	2.9608500353244254	0.21691172039272058	1.905723153398494	0.7783137789754248	5.808407481315219	8.761049277464982	0.10359830334113597	0.18875163342329623	2.6950414627812957	1.0283572221149637	1.02050815173926	0.5830673359560631	0.08741865855082102	0.18900645086908854	0.05214959847398081	1.8159244306792075	2.1264457246136756	3.4690862303888714	0.2139572353458756	0.34949884066200215	0.0959652867193601	1.5222698971829234	1.89215010775344	0.07972641327010233	0.14861924446894492	0.05750438246830163	3.0184884697880636	2.190049046390628	
EEZ273	0.6869950617638585	0.24809964929514475	5.50950678242572	0.3039478325482683	1.231133406203863	1.3170399926523544	18.10070794391444	1.2768386725295924	0.07694968216726326	108.06280862465904	0.11083963423918862	129.12513099174154	22.85245225135014	0.25647845454467433	0.4821549678995014	9.396491152170922	0.08497649171213266	3.7034837740062074	0.18456504777992158	0.44411538951198865	0.05678330652285276	0.06996963140589192	5.850377100879354	0.19160852708917261	2.847949506905614	17.007545807992685	0.5992353716672815	0.21084566648403213	0.7652316214356448	0.3742360734451706	0.2010760977737456	0.2956645061324851	0.11508283155860329	1.6679205731015	0.1952982093822004	
OR1	4.899067582549176	1.1626838896856173	20.056164504009946	15.061315307152576	3.9969698596588685	12.695494651162434	131.17711527973827	39.24211215278575	3.2880705017713407	31.343110163255872	20.03646162813159	99.7628959478963	166.6876833648055	1.4255878621496276	4.1352145297104315	43.13777281796143	20.64700141249639	13.061880585096569	7.999311255114698	1.5169823728938272	2.948424685971755	1.07656649005392	33.664922920276126	47.98843328022383	57.11697498160561	3.7814381165910693	8.609131191544565	1.592292351851162	75.74922260239462	24.34247279125572	1.162788871605088	3.217255220366845	1.8227564536087784	45.422766225311676	49.63320072814622	
OR2	6.287506458445564	1.4016515653416597	89.71394795241241	4.8482159128694695	6.0243073196627295	16.646273179165778	358.2553853586873	175.90146476024606	1.0326046520525811	38.528471789717564	1.8831502366693835	383.8497138049454	530.678022795884	1.9468755867160266	4.600594980127435	59.01393211412945	0.7155336256106475	14.96864984997743	3.5709319897578173	3.1808080315304252	1.1686011907619585	0.5079774113847667	178.89130208808808	20.014793414390567	57.47366577459152	4.219733589081113	5.434402991909444	1.8107126927934258	11.186805905551969	22.264510404841758	1.5047521848436434	3.1442878683929174	0.5912267156669584	15.22775724727338	20.643762604102346	
OR3	0.6981810452946061	0.2665490770621594	7.617350834399577	0.34888136451949503	1.0291703661059237	1.6137334707646058	24.296793294619473	2.8520940527152536	0.15827467984689594	22.72754999073061	0.22916612713880777	146.42837505425305	208.2540574873998	0.32758427890284386	0.54891494818517	180.9350544437127	0.2533723205575306	3.9765612218382405	0.29889429649901095	0.45926628110697093	0.11825835282491927	0.08744327303504264	9.38612917933405	0.4794648653203468	4.311202165907606	3.9471017607183967	0.6873285065185896	0.23942634267950913	1.326303610974063	0.781895568247872	0.3125924396856021	0.3305562859568705	0.1256552217414086	2.952720133029899	0.4875641468532741	
OR4	0.9945391282752891	0.35981309382612836	8.43923305507797	0.44530294354002004	1.7894053085956765	1.9681261868744488	25.57170536769225	2.0602761787800823	0.12304995083916649	163.76134116764254	0.16770504487273594	355.5439571482886	40.161789829803055	0.4400613435522491	0.7457662402661321	18.23489926123801	0.1323297739513906	6.169318342371522	0.28803442811422536	0.6031592820189702	0.09243080477809529	0.11076816466227023	9.10698257946821	0.29251559890512374	4.540251191674661	52.492023548305355	0.8235320238621795	0.3048867894911477	1.3349350018868265	0.5457257640448764	0.3415918296247466	0.4497890797226929	0.18195593284736375	2.4942540404544924	0.2981691793524661	
OR5	5.9264178840113955	1.814461284670184	43.00777375095773	2.7677967598982796	8.025466396973494	14.177823149764054	169.60103593669086	19.12500461315814	1.15185536939746	187.49334886371943	2.213483182028495	424.2112831448444	327.97092871142286	2.0989926453383925	4.036780884761313	188.1507107909265	8.831275238030539	34.06756570750449	2.5493177884204994	3.5661243514436722	0.8133570279408366	0.6903493233929554	50.604355886597176	4.328314159936492	34.502695287755614	51.28791457847755	4.485513895934987	1.4704942547411541	9.020625921312574	6.2488558649888235	2.284832727005504	2.7673487619964177	1.205307506163022	31.207983463327405	4.4173657073689805	
