
 Oxidised N;

year;ARC;BAP;BOB;BOS;GUF;GUR;KAT;SOU;WEB
1995;    6.2570;  106.9119;    7.9967;   17.7693;   13.4517;    8.2102;   14.9514;    1.9369;   14.1614
1996;    6.4729;  104.5892;    6.9353;   16.8929;   13.2652;    7.9461;   14.7109;    1.7695;   13.3966
1997;    5.2532;   94.5004;    5.8955;   14.9785;   11.7173;    7.5347;   14.9687;    1.7846;   13.0399
1998;    6.3269;  113.8979;    8.2198;   18.1165;   13.5313;    8.3293;   16.0212;    2.0950;   16.1191
1999;    6.4843;  108.2215;    7.8485;   18.2183;   13.0570;    8.2488;   17.9834;    1.9134;   14.2519
2000;    6.9533;  109.8347;    9.0878;   21.0991;   13.7769;    8.2883;   19.0095;    2.1129;   15.2688
2001;    5.9498;  105.1083;    7.2807;   16.5279;   12.1372;    7.8802;   15.9335;    1.9317;   14.2452
2002;    4.9904;   96.8457;    5.5941;   13.6433;   10.7074;    6.9367;   14.8102;    1.7916;   13.9462
2003;    5.4467;   92.7309;    6.7539;   15.5419;   12.3074;    7.0978;   15.0942;    1.7074;   12.8723
2004;    5.1962;   94.1103;    6.3157;   13.8273;   12.2904;    7.1578;   14.0657;    1.7291;   13.1624
2005;    5.3006;   92.7035;    7.5044;   15.0740;   11.6505;    7.0058;   14.3910;    1.6088;   12.3988
2006;    5.6120;  101.0799;    6.5009;   16.3494;   11.3246;    7.0326;   16.7111;    1.8725;   14.1810
2007;    5.3371;   92.9830;    6.1901;   13.6003;   12.2647;    7.4744;   12.6119;    1.6555;   12.1376
2008;    5.6251;   95.3341;    6.3539;   14.8395;   13.1601;    7.9253;   13.3130;    1.5483;   11.6209
2009;    4.6574;   82.4491;    5.4018;   13.1027;    9.7210;    6.1987;   13.2176;    1.5465;   11.5204
2010;    4.9775;   89.4184;    6.1186;   14.6500;   11.0249;    6.5694;   11.2523;    1.3511;   10.6296
2011;    4.9746;   83.1993;    6.1982;   13.7477;   10.9270;    6.6321;   12.6478;    1.4383;   10.9625
2012;    5.6221;   89.4097;    7.1258;   15.7570;   11.4770;    7.0920;   12.9428;    1.4933;   10.8892
2013;    4.5907;   74.6933;    4.9146;   10.7644;   10.1544;    5.7654;   10.5447;    1.2748;    9.9805
2014;    4.4633;   75.8658;    5.5251;   13.0528;    9.1576;    5.2933;   12.6756;    1.4177;   11.0223
2015;    4.1229;   74.3100;    5.5125;   11.4501;    9.0647;    5.5599;   11.4855;    1.4565;   11.2096
2016;    3.6328;   65.5409;    4.8501;   11.0605;    8.5985;    4.8278;   10.2359;    1.2122;   10.1548
2017;    3.8912;   72.2572;    4.8966;   11.1505;    8.7149;    5.3967;   10.4844;    1.2700;    9.5461
2018;    3.8584;   65.8651;    4.8936;   11.4300;    8.4852;    5.0140;    9.8406;    1.1760;    8.8159
2019;    4.4466;   71.2244;    4.5486;   11.8068;    9.1425;    5.7430;   11.1065;    1.2405;    9.1304

 Reduced N

year;ARC;BAP;BOB;BOS;GUF;GUR;KAT;SOU;WEB
1995;    2.7511;   59.0310;    3.5203;    7.4878;    6.6545;    4.5451;   10.6745;    1.3172;   13.0795
1996;    2.9808;   62.6445;    2.7524;    7.1405;    7.1580;    4.9836;   10.3799;    1.2039;   11.8200
1997;    2.0633;   52.8614;    2.2253;    5.3653;    5.0207;    3.8484;   11.3149;    1.2769;   12.8456
1998;    2.7910;   64.5789;    3.7674;    7.4103;    6.3405;    4.5635;   11.7362;    1.4839;   14.8621
1999;    2.9628;   62.1573;    3.4313;    7.7116;    6.3942;    4.4949;   13.0797;    1.3378;   13.5899
2000;    3.4190;   65.4690;    4.1769;   10.4016;    6.3356;    4.5609;   13.3019;    1.4224;   13.8107
2001;    2.8857;   59.7816;    3.2262;    7.6097;    6.0374;    4.4629;   11.0573;    1.2559;   12.2653
2002;    2.1788;   56.9111;    2.5196;    5.6241;    5.0407;    3.4793;   10.2995;    1.2208;   11.7132
2003;    2.7852;   56.8640;    3.6230;    7.6347;    6.0170;    4.0004;   11.8892;    1.2701;   12.6444
2004;    2.0955;   50.8385;    2.4852;    5.3569;    5.6786;    3.9198;   10.3702;    1.1710;   12.2486
2005;    2.3951;   56.5404;    3.6949;    7.2849;    6.0296;    4.2816;   11.4121;    1.2060;   12.8878
2006;    2.3509;   59.3116;    2.8392;    6.9513;    5.3259;    3.9875;   11.5721;    1.2824;   13.4029
2007;    2.5456;   58.6407;    2.8106;    5.9875;    6.5690;    4.4454;    9.4250;    1.3243;   11.7928
2008;    2.3652;   53.6587;    2.6793;    6.0886;    6.4972;    4.3219;   10.1452;    1.1110;   11.6305
2009;    2.4667;   56.0796;    2.9668;    6.5310;    5.1659;    3.9086;   10.5060;    1.2067;   12.4114
2010;    2.4885;   58.0607;    3.4772;    8.1759;    6.0098;    4.2133;    9.4397;    1.0605;   12.1053
2011;    2.6355;   59.7113;    3.2548;    7.7209;    5.8890;    4.4900;   11.2574;    1.1812;   13.4469
2012;    3.3014;   63.7862;    3.8604;    8.5204;    7.0422;    5.1347;   11.6095;    1.3283;   13.7424
2013;    2.4897;   52.3482;    2.4076;    5.5513;    5.6400;    3.7441;    9.8587;    1.0973;   12.7752
2014;    2.3529;   57.8034;    2.9088;    7.0119;    5.3300;    3.8295;   11.5023;    1.2126;   13.3371
2015;    2.4889;   66.5448;    3.1048;    6.9270;    6.0569;    4.5086;   12.4400;    1.5253;   16.4513
2016;    2.0229;   48.1552;    2.9564;    6.7355;    5.6063;    3.2291;   10.6665;    1.1264;   13.3619
2017;    2.1838;   56.6856;    2.7706;    6.3241;    5.8460;    3.7685;   11.5486;    1.3439;   14.6907
2018;    2.3638;   52.2993;    3.1837;    6.9587;    5.9675;    3.9963;   10.2279;    1.1612;   11.6878
2019;    2.6842;   55.5166;    2.7127;    7.3080;    6.2868;    4.3466;   10.7953;    1.1825;   12.3274

 Total N

year;ARC;BAP;BOB;BOS;GUF;GUR;KAT;SOU;WEB
1995;    9.0081;  165.9429;   11.5170;   25.2571;   20.1062;   12.7553;   25.6259;    3.2541;   27.2409
1996;    9.4537;  167.2337;    9.6877;   24.0334;   20.4232;   12.9297;   25.0908;    2.9734;   25.2166
1997;    7.3165;  147.3618;    8.1208;   20.3438;   16.7380;   11.3831;   26.2836;    3.0615;   25.8855
1998;    9.1179;  178.4768;   11.9872;   25.5268;   19.8718;   12.8928;   27.7574;    3.5789;   30.9812
1999;    9.4471;  170.3788;   11.2798;   25.9299;   19.4512;   12.7437;   31.0631;    3.2512;   27.8418
2000;   10.3723;  175.3037;   13.2647;   31.5007;   20.1125;   12.8492;   32.3114;    3.5353;   29.0795
2001;    8.8355;  164.8899;   10.5069;   24.1376;   18.1746;   12.3431;   26.9908;    3.1876;   26.5105
2002;    7.1692;  153.7568;    8.1137;   19.2674;   15.7481;   10.4160;   25.1097;    3.0124;   25.6594
2003;    8.2319;  149.5949;   10.3769;   23.1766;   18.3244;   11.0982;   26.9834;    2.9775;   25.5167
2004;    7.2917;  144.9488;    8.8009;   19.1842;   17.9690;   11.0776;   24.4359;    2.9001;   25.4110
2005;    7.6957;  149.2439;   11.1993;   22.3589;   17.6801;   11.2874;   25.8031;    2.8148;   25.2866
2006;    7.9629;  160.3915;    9.3401;   23.3007;   16.6505;   11.0201;   28.2832;    3.1549;   27.5839
2007;    7.8827;  151.6237;    9.0007;   19.5878;   18.8337;   11.9198;   22.0369;    2.9798;   23.9304
2008;    7.9903;  148.9928;    9.0332;   20.9281;   19.6573;   12.2472;   23.4582;    2.6593;   23.2514
2009;    7.1241;  138.5287;    8.3686;   19.6337;   14.8869;   10.1073;   23.7236;    2.7532;   23.9318
2010;    7.4660;  147.4791;    9.5958;   22.8259;   17.0347;   10.7827;   20.6920;    2.4116;   22.7349
2011;    7.6101;  142.9106;    9.4530;   21.4686;   16.8160;   11.1221;   23.9052;    2.6195;   24.4094
2012;    8.9235;  153.1959;   10.9862;   24.2774;   18.5192;   12.2267;   24.5523;    2.8216;   24.6316
2013;    7.0804;  127.0415;    7.3222;   16.3157;   15.7944;    9.5095;   20.4034;    2.3721;   22.7557
2014;    6.8162;  133.6692;    8.4339;   20.0647;   14.4876;    9.1228;   24.1779;    2.6303;   24.3594
2015;    6.6118;  140.8548;    8.6173;   18.3771;   15.1216;   10.0685;   23.9255;    2.9818;   27.6609
2016;    5.6557;  113.6961;    7.8065;   17.7960;   14.2048;    8.0569;   20.9024;    2.3386;   23.5167
2017;    6.0750;  128.9428;    7.6672;   17.4746;   14.5609;    9.1652;   22.0330;    2.6139;   24.2368
2018;    6.2222;  118.1644;    8.0773;   18.3887;   14.4527;    9.0103;   20.0685;    2.3372;   20.5037
2019;    7.1308;  126.7410;    7.2613;   19.1148;   15.4293;   10.0896;   21.9018;    2.4230;   21.4578
