
 Oxidised N;

year;ARC;BAP;BOB;BOS;GUF;GUR;KAT;SOU;WEB
1995;        6.4075;      114.1142;        8.1191;       18.2335;       14.0099;        8.7936;       16.7242;        1.9743;       15.0153
1996;        6.3849;        113.44;        8.1032;       18.1634;       13.9418;         8.747;        16.604;        1.9681;       14.8293
1997;        6.1644;      109.3295;        7.8272;       17.5311;       13.4743;        8.4328;        15.926;        1.8839;       14.2767
1998;        6.0048;      106.1093;        7.6457;        17.089;       13.1763;        8.1845;       15.4965;        1.8293;        13.919
1999;        5.8487;      103.2564;        7.4613;        16.642;       12.8399;        7.9469;        15.077;        1.7795;       13.5646
2000;        5.6203;       99.1843;        7.1579;       15.9716;       12.3311;        7.6154;        14.573;        1.7168;       13.1362
2001;        5.5304;       97.2955;         7.017;       15.6969;       12.2096;         7.495;       14.2433;         1.678;       12.8195
2002;        5.4165;       94.8008;        6.8624;       15.3623;       12.0419;        7.3281;       13.8131;        1.6291;       12.4194
2003;        5.4959;       95.3746;        7.0155;        15.613;       12.3677;        7.4039;       13.7963;        1.6292;       12.3731
2004;        5.4202;       94.1124;        6.8873;       15.3742;       12.2091;        7.3168;       13.5458;        1.5989;       12.1681
2005;          5.32;       92.4696;        6.6958;       15.0678;       11.9353;        7.1893;       13.3593;        1.5778;       11.9431
2006;        5.2759;       91.7128;        6.6868;        14.927;       11.9088;        7.1178;        13.251;        1.5664;       11.8431
2007;        5.2052;       89.9914;        6.5862;       14.7092;       11.8994;        7.0308;       12.8162;        1.5153;       11.4608
2008;         4.557;       82.5298;         5.447;       12.6771;        9.3007;        6.3274;       12.2029;        1.4398;       10.9709
2009;        4.2076;       76.3843;        5.0353;       11.7159;        8.5336;         5.828;       11.1856;        1.3239;       10.0798
2010;        4.3037;       77.2954;        5.1909;        12.015;        8.7839;        5.9295;       11.2302;        1.3286;       10.1038
2011;        4.1612;       75.0087;        4.9811;       11.5749;        8.4961;        5.7418;       10.8931;        1.2903;        9.8057
2012;        4.0761;       73.6183;        4.8527;       11.3037;        8.3283;        5.6491;       10.7301;        1.2681;        9.6714
2013;        3.9147;       71.2884;        4.6997;       10.9248;        7.9926;         5.442;       10.6935;        1.2486;        9.5938
2014;        3.8121;       68.8634;        4.5757;       10.6516;        7.7965;        5.2812;       10.3379;        1.2043;        9.2687
2016;        8.5766;      158.0994;       10.5071;       25.0079;       17.3574;       11.3587;       33.3121;        3.3154;        28.213
2017;        8.8888;      163.7988;       10.8577;       25.8903;       17.9671;       11.7642;       34.5632;        3.4342;       29.2381
2018;        9.0351;      166.4431;       11.0191;       26.3161;       18.2025;       11.9353;       35.2729;        3.4988;       29.8299
2019;        8.1759;      149.6496;        9.9666;       23.7252;       16.5662;       10.7767;       31.0209;        3.1061;       26.3165
2020;        7.4606;      136.2777;        9.1427;       21.7425;       15.2521;        9.8515;         28.44;         2.832;       24.0661

 Reduced N;

year;ARC;BAP;BOB;BOS;GUF;GUR;KAT;SOU;WEB
1995;        2.7167;       67.0397;        3.4997;        8.0572;        6.4478;        4.7071;       13.4142;        1.4671;       15.4054
1996;        2.6854;       65.8602;         3.481;        7.9445;         6.273;         4.616;       13.1273;        1.4383;       15.1893
1997;        2.6839;       65.1909;        3.5048;        7.9428;        6.2559;        4.5914;       13.0493;        1.4279;       15.0493
1998;        2.6681;       65.7608;        3.4289;        7.8824;        6.2013;           4.6;       13.1242;        1.4356;       15.1427
1999;        2.5825;       63.9935;        3.3018;        7.6449;        5.9627;        4.4485;       12.7415;        1.3985;       14.8694
2000;        2.5469;       62.8543;         3.266;        7.5508;         5.858;        4.3863;       12.5616;        1.3782;       14.6709
2001;          2.55;       63.0762;        3.2603;        7.5374;        5.8697;        4.4381;       12.4884;        1.3733;       14.6888
2002;        2.5295;       62.2902;        3.2385;        7.4844;        5.8163;        4.3978;       12.2265;        1.3465;       14.3882
2003;        2.5166;       61.7797;        3.2228;        7.4424;        5.8241;        4.4013;        11.927;        1.3189;       14.1245
2004;          2.52;       61.5725;        3.2328;        7.4651;        5.8468;         4.386;       11.9397;        1.3172;       14.0808
2005;        2.5132;       60.3809;        3.2801;        7.4183;        5.8144;        4.3151;       11.4988;        1.2715;       13.6083
2006;        2.3318;       56.4669;        3.1053;        6.8262;        5.2784;        4.0007;       11.1828;        1.2388;        13.355
2007;        2.2905;       55.4251;         3.028;        6.6845;        5.2127;        3.9924;       10.3028;        1.1626;       12.6655
2008;        2.1719;       52.3139;        2.8282;        6.2426;        4.5714;         3.783;        9.9788;        1.1193;       12.1446
2009;        2.1503;        52.067;        2.7939;        6.1702;        4.5137;        3.7553;       10.1296;        1.1319;       12.3264
2010;        2.0694;       49.7191;        2.7269;        5.9296;        4.2888;        3.6335;        9.7347;        1.0853;       11.6237
2011;        2.0729;       49.9734;        2.7353;        5.9515;        4.2816;        3.5399;        9.7961;        1.0937;       11.7672
2012;        2.0822;       49.9424;        2.7296;        5.9711;        4.3641;        3.7432;        9.8252;        1.0918;        11.682
2013;        2.2722;        55.031;        2.9315;        6.5596;        4.8485;        3.9702;         10.33;        1.1709;       12.9614
2014;        2.3359;       57.2137;        2.9797;        6.7251;        5.0655;        4.1701;       10.5739;        1.2112;       13.6136
2016;        2.4213;       57.8823;        3.2581;        7.3059;        6.0741;        4.2223;       10.5843;        1.1956;       13.0667
2017;        2.4657;       59.4755;        3.3109;        7.4537;        6.0775;        4.2617;       10.7529;        1.2145;       13.2606
2018;        2.4681;       59.0517;        3.3383;        7.4578;        6.0788;        4.2723;        10.645;        1.1962;       12.9176
2019;        2.3992;       57.2606;        3.2364;        7.2021;        5.9828;        4.2178;       10.2577;        1.1536;       12.2918
2020;        2.3312;       55.6165;        3.1642;        7.0278;        5.8023;        4.0633;        10.064;        1.1237;       11.8091

 Total N;

year;ARC;BAP;BOB;BOS;GUF;GUR;KAT;SOU;WEB
1995;        9.1242;      181.1539;       11.6188;       26.2908;       20.4578;       13.5007;       30.1385;        3.4415;       30.4207
1996;        9.0703;      179.3002;       11.5841;       26.1078;       20.2148;        13.363;       29.7313;        3.4064;       30.0187
1997;        8.8483;      174.5205;        11.332;       25.4739;       19.7303;       13.0242;       28.9752;        3.3118;       29.3259
1998;        8.6729;      171.8701;       11.0746;       24.9714;       19.3776;       12.7845;       28.6208;        3.2649;       29.0617
1999;        8.4312;      167.2499;       10.7631;       24.2869;       18.8026;       12.3954;       27.8185;         3.178;        28.434
2000;        8.1672;      162.0386;       10.4239;       23.5224;       18.1892;       12.0017;       27.1346;         3.095;       27.8071
2001;        8.0804;      160.3717;       10.2772;       23.2344;       18.0792;       11.9331;       26.7317;        3.0513;       27.5083
2002;         7.946;      157.0911;        10.101;       22.8467;       17.8583;       11.7259;       26.0396;        2.9757;       26.8076
2003;        8.0125;      157.1543;       10.2384;       23.0554;       18.1917;       11.8052;       25.7232;         2.948;       26.4977
2004;        7.9402;      155.6849;       10.1201;       22.8393;       18.0559;       11.7028;       25.4855;        2.9161;       26.2489
2005;        7.8332;      152.8505;        9.9759;       22.4862;       17.7498;       11.5044;       24.8581;        2.8493;       25.5514
2006;        7.6077;      148.1797;        9.7921;       21.7532;       17.1872;       11.1185;       24.4339;        2.8053;       25.1981
2007;        7.4957;      145.4166;        9.6142;       21.3938;       17.1121;       11.0233;        23.119;        2.6779;       24.1262
2008;        6.7289;      134.8437;        8.2752;       18.9197;       13.8721;       10.1104;       22.1817;        2.5592;       23.1155
2009;        6.3579;      128.4513;        7.8291;       17.8861;       13.0472;        9.5834;       21.3152;        2.4558;       22.4061
2010;        6.3731;      127.0145;        7.9178;       17.9445;       13.0728;         9.563;       20.9649;        2.4139;       21.7275
2011;        6.2341;      124.9821;        7.7165;       17.5264;       12.7777;        9.2818;       20.6893;        2.3839;       21.5729
2012;        6.1583;      123.5607;        7.5824;       17.2748;       12.6924;        9.3922;       20.5554;        2.3599;       21.3534
2013;        6.1869;      126.3193;        7.6313;       17.4845;       12.8412;        9.4122;       21.0235;        2.4195;       22.5552
2014;         6.148;      126.0772;        7.5554;       17.3767;        12.862;        9.4513;       20.9118;        2.4155;       22.8824
2016;       10.9979;      215.9817;       13.7652;       32.3138;       23.4315;        15.581;       43.8964;        4.5109;       41.2798
2017;       11.3546;      223.2744;       14.1686;       33.3439;       24.0445;       16.0259;       45.3161;        4.6487;       42.4986
2018;       11.5032;      225.4948;       14.3574;       33.7739;       24.2813;       16.2075;       45.9179;         4.695;       42.7476
2019;       10.5752;      206.9102;        13.203;       30.9273;        22.549;       14.9945;       41.2786;        4.2597;       38.6083
2020;        9.7917;      191.8942;       12.3069;       28.7703;       21.0544;       13.9149;       38.5039;        3.9557;       35.8752
