
 Oxidised N;

year;OR1;OR2;OR3;OR4;OR5;EEZ100;EEZ108;EEZ109;EEZ110;EEZ119;EEZ185;EEZ188;EEZ189;EEZ190;EEZ191;EEZ209;EEZ212;EEZ213;EEZ215;EEZ216;EEZ224;EEZ273;EEZ48;EEZ65;EEZ71;EEZ91;EEZ99
1995;   16.3698;   11.3385;   22.8625;   13.3224;    0.3999;    0.4585;   35.6253;    1.6965;    0.7639;    0.0448;    5.7554;    2.3055;   29.0979;   22.2664;   30.1692;   49.4295;     8.687;  118.6223;    9.0649;   63.2319;    5.1858;    31.466;   96.8682;  215.5546;   64.2401;   67.1272;  164.1344
1996;   16.6289;    11.329;   22.8792;   13.7519;    0.4085;    0.4593;   36.0155;    1.7047;    0.7681;    0.0448;    5.6485;    2.2752;   28.7821;   22.0794;   29.6876;    49.969;    8.6599;  119.0584;    8.8715;   62.8676;    5.1564;    32.437;   95.9053;  214.3938;   64.8702;   68.6894;  165.7966
1997;   16.6811;   11.3131;   22.8612;   14.0189;    0.4125;    0.4593;   36.2668;    1.7217;     0.779;    0.0448;    5.6146;    2.2494;   28.4538;   21.8015;   29.4891;   50.5565;    8.6398;  119.3571;    8.8042;   62.5102;    5.1373;   32.6691;   95.4066;  213.5875;   65.3714;   69.4595;  166.4629
1998;   16.8104;   11.3169;   22.8828;   14.1625;    0.4161;    0.4601;   36.6659;    1.7188;    0.7779;    0.0448;    5.6326;    2.2105;   28.0899;   21.7108;   29.5769;   50.6631;    8.6366;  119.1866;    8.7127;   62.4545;    5.1414;   33.1351;   94.9156;  212.8583;    65.745;   70.0981;  167.3236
1999;   16.7587;   11.1781;   22.6489;    14.251;    0.4157;    0.4553;   36.4268;    1.7033;    0.7709;    0.0443;    5.4882;    2.1657;   27.6101;   21.4629;   28.8702;   50.3509;      8.52;  118.0782;    8.5146;   61.4725;    5.0556;   33.2571;   93.3084;   209.754;   65.2932;   70.1058;  166.3657
2000;   16.6643;   10.8457;   22.0649;   14.3125;     0.419;    0.4406;   35.4139;    1.6901;    0.7728;     0.043;    5.3973;    2.1003;   26.5096;   20.8487;   28.3002;   50.4964;    8.3438;  113.8375;    8.3734;   60.0619;     4.948;   33.5894;   91.3255;  203.7586;   63.2858;   70.6982;  163.6341
2001;   16.5228;   10.7381;   21.8662;   14.3434;    0.4133;    0.4366;   35.1162;    1.6628;    0.7596;    0.0426;    5.3606;    2.0502;   25.9279;    20.686;   28.0985;   49.7048;    8.2751;  112.2997;     8.305;   59.5041;    4.9121;    33.204;   90.4406;  201.1261;   62.5453;   69.8617;  162.0497
2002;   16.3414;    10.516;   21.4681;   14.2139;    0.4119;     0.427;   34.3891;    1.6503;    0.7581;    0.0417;    5.2602;    2.0083;   25.2909;   20.2328;   27.4854;   49.5407;    8.1356;  109.7599;    8.1536;   58.4053;    4.8298;   33.0572;   88.7887;  197.0013;   61.2514;   69.6192;  159.6667
2003;   16.1769;   10.2972;   21.0738;   14.2704;    0.4056;    0.4182;    33.605;    1.6017;    0.7339;    0.0408;    5.1494;    1.9441;   24.5983;   19.8625;   26.8319;    48.278;    8.0169;  106.9177;    8.0768;   57.3826;    4.7553;   32.8435;   87.5107;   192.196;    59.655;   68.6961;  156.8849
2004;   16.3186;   10.5055;   21.4556;   14.3869;    0.4081;    0.4277;    33.776;    1.6134;    0.7327;    0.0417;    5.1591;     1.931;   24.9578;   19.9557;   26.9638;   48.3594;    8.1235;  110.4028;     8.105;   58.0698;    4.8026;   33.2051;   88.5165;  195.5475;   60.8107;   69.0927;   158.815
2005;   16.1121;   10.2332;   20.9533;   14.9908;    0.4023;    0.4161;   33.1669;    1.5839;    0.7228;    0.0406;    4.9825;    1.9038;   24.4833;   19.4936;   26.0951;   47.6708;    7.9622;  106.9249;    8.0278;   56.7743;    4.7064;   32.7135;   87.0381;  190.2327;   59.3064;   68.5617;  155.9856
2006;   16.1643;   10.1004;   20.7351;   15.0032;    0.4074;    0.4102;   32.8182;    1.5859;    0.7259;    0.0401;    4.8806;    1.8902;   24.2661;    19.336;   25.5873;   47.9972;    7.8493;  105.9401;    7.8017;   55.8631;    4.6243;   33.2534;   85.4427;  188.1877;   58.7957;   69.3534;  155.5837
2007;   15.7243;    9.7198;   20.0428;   13.6578;    0.4007;    0.3937;   31.6339;    1.5547;    0.7173;    0.0386;    4.6007;    1.8352;   23.6477;   18.9908;   23.9914;   47.3165;    7.6015;   101.105;    7.5892;   53.9903;     4.492;   32.6217;   82.8526;  180.9636;   56.3494;    67.698;  150.7245
2008;   14.9014;     9.351;   19.2792;   12.3693;    0.3863;    0.3794;   30.8728;    1.5504;    0.7237;    0.0371;    4.4419;    1.8197;   23.2043;   18.3341;   23.2166;   46.8666;    7.0858;   98.4996;    6.2834;   51.3316;    4.2485;   30.6928;   74.4361;  176.3334;   55.2288;   64.8711;  144.9658
2009;   14.8289;    9.4159;   19.3765;   12.0992;    0.3825;    0.3835;   31.3209;    1.5408;    0.7164;    0.0374;     4.476;    1.7862;   22.8792;   18.2783;   23.4724;    46.417;    7.1162;   99.4471;    6.2988;   51.5575;    4.2607;   30.3967;   74.6853;  176.6384;   55.9469;   64.1319;  145.1401
2010;   14.1941;    9.0324;   18.3767;   11.9415;    0.3554;     0.369;   30.0826;    1.3992;    0.6366;    0.0358;    4.3284;    1.7158;   21.8196;   17.2195;   22.4475;   42.0836;    6.8158;   95.4598;    6.1172;   49.4729;    4.1014;   28.9476;   71.8464;  167.9079;   53.4929;   59.8817;  138.1753
2011;   14.5223;    9.2703;   19.7613;    12.069;    0.3672;    0.3773;   30.8314;    1.4462;    0.6616;    0.0372;    4.3713;    1.7285;   22.0234;   17.4604;   22.6717;   43.5965;    7.2305;    97.535;    6.2606;   50.8105;    4.2497;   29.8234;   74.7632;  170.9538;   54.8631;   61.7697;  141.9601
2012;   14.4128;    9.1038;   19.4646;   11.9685;    0.3667;    0.3688;   30.1114;    1.4385;    0.6623;    0.0366;    4.3605;    1.7242;   21.8045;   17.2013;    22.591;   43.5765;    7.1532;   95.1516;     6.253;    50.322;    4.2192;    29.725;   74.1417;  168.6526;    53.516;   61.6644;   140.068
2013;   15.0446;    9.4359;   19.1605;   12.4229;    0.3815;    0.3831;   31.1042;    1.5049;     0.696;    0.0373;    4.6046;    1.7393;   23.2047;   19.2767;   23.8907;   45.5797;    7.1733;   97.8598;    6.5584;   52.9486;    4.3531;   30.7664;   76.3519;  177.7579;   54.8724;   64.1456;  145.4555
2014;     15.23;    9.7354;    20.662;    12.419;    0.3797;    0.3939;   31.1722;    1.5083;    0.6911;    0.0389;    4.7403;    1.7889;   23.9047;   20.2971;   24.5779;   45.3544;     7.606;  100.1321;     6.759;   54.2834;    4.5173;   30.6949;   79.3222;  182.8353;   55.2173;    63.818;  147.8565
2016;    15.954;    9.9408;   21.1759;    14.286;     0.389;    0.4023;   32.4733;    1.4325;    0.6385;    0.0399;    4.7008;    1.7468;   23.2172;   19.2389;   24.2666;   43.7844;    8.2705;  101.1272;    9.0269;   56.4583;    4.7421;   33.0377;     92.43;  179.7097;   56.6286;   66.1569;  151.9953
2017;   16.1086;     9.985;   21.2227;   14.6579;    0.3888;    0.4032;     32.53;    1.4036;    0.6209;    0.0401;    4.7708;    1.7242;   23.2853;   19.4555;   24.5429;   43.0993;     8.362;   100.523;     9.191;   57.6155;    4.8198;   33.4397;   94.0023;  180.0324;   56.3101;   66.3263;  152.4246
2018;   15.5073;    9.8135;   20.8729;   13.9033;    0.3724;    0.3959;   32.0817;    1.3715;    0.6071;    0.0394;     4.711;    1.7221;   22.8209;   18.8438;   24.1787;   41.8134;    8.2763;   98.5595;    9.2425;   56.9589;    4.7742;   31.7368;   93.4928;  176.4973;   55.4158;   63.4365;  148.1752
2019;   15.3573;    9.5989;   20.1541;   14.1173;    0.3711;    0.3899;   32.4572;    1.3589;    0.6039;    0.0385;    4.5682;    1.6712;   22.0393;   17.9346;   23.4064;   41.6019;    7.9965;   97.2636;    8.9915;    54.734;     4.618;   31.6313;   90.3672;  171.4181;   55.7259;   63.3839;  146.7923
2020;   15.1319;    9.2963;   19.5767;   14.5027;    0.3658;    0.3765;   31.6817;    1.3161;    0.5851;    0.0373;    4.4611;    1.6493;   21.4688;   17.1547;    22.811;   40.6007;    7.8082;   93.8994;    8.8496;   53.2044;    4.4982;   31.4194;   88.4142;  165.8567;   54.1298;   62.8188;  143.5125

 Reduced N;

year;OR1;OR2;OR3;OR4;OR5;EEZ100;EEZ108;EEZ109;EEZ110;EEZ119;EEZ185;EEZ188;EEZ189;EEZ190;EEZ191;EEZ209;EEZ212;EEZ213;EEZ215;EEZ216;EEZ224;EEZ273;EEZ48;EEZ65;EEZ71;EEZ91;EEZ99
1995;   16.3698;   11.3385;   22.8625;   13.3224;    0.3999;    0.4585;   35.6253;    1.6965;    0.7639;    0.0448;    5.7554;    2.3055;   29.0979;   22.2664;   30.1692;   49.4295;     8.687;  118.6223;    9.0649;   63.2319;    5.1858;    31.466;   96.8682;  215.5546;   64.2401;   67.1272;  164.1344
1996;   16.6289;    11.329;   22.8792;   13.7519;    0.4085;    0.4593;   36.0155;    1.7047;    0.7681;    0.0448;    5.6485;    2.2752;   28.7821;   22.0794;   29.6876;    49.969;    8.6599;  119.0584;    8.8715;   62.8676;    5.1564;    32.437;   95.9053;  214.3938;   64.8702;   68.6894;  165.7966
1997;   16.6811;   11.3131;   22.8612;   14.0189;    0.4125;    0.4593;   36.2668;    1.7217;     0.779;    0.0448;    5.6146;    2.2494;   28.4538;   21.8015;   29.4891;   50.5565;    8.6398;  119.3571;    8.8042;   62.5102;    5.1373;   32.6691;   95.4066;  213.5875;   65.3714;   69.4595;  166.4629
1998;   16.8104;   11.3169;   22.8828;   14.1625;    0.4161;    0.4601;   36.6659;    1.7188;    0.7779;    0.0448;    5.6326;    2.2105;   28.0899;   21.7108;   29.5769;   50.6631;    8.6366;  119.1866;    8.7127;   62.4545;    5.1414;   33.1351;   94.9156;  212.8583;    65.745;   70.0981;  167.3236
1999;   16.7587;   11.1781;   22.6489;    14.251;    0.4157;    0.4553;   36.4268;    1.7033;    0.7709;    0.0443;    5.4882;    2.1657;   27.6101;   21.4629;   28.8702;   50.3509;      8.52;  118.0782;    8.5146;   61.4725;    5.0556;   33.2571;   93.3084;   209.754;   65.2932;   70.1058;  166.3657
2000;   16.6643;   10.8457;   22.0649;   14.3125;     0.419;    0.4406;   35.4139;    1.6901;    0.7728;     0.043;    5.3973;    2.1003;   26.5096;   20.8487;   28.3002;   50.4964;    8.3438;  113.8375;    8.3734;   60.0619;     4.948;   33.5894;   91.3255;  203.7586;   63.2858;   70.6982;  163.6341
2001;   16.5228;   10.7381;   21.8662;   14.3434;    0.4133;    0.4366;   35.1162;    1.6628;    0.7596;    0.0426;    5.3606;    2.0502;   25.9279;    20.686;   28.0985;   49.7048;    8.2751;  112.2997;     8.305;   59.5041;    4.9121;    33.204;   90.4406;  201.1261;   62.5453;   69.8617;  162.0497
2002;   16.3414;    10.516;   21.4681;   14.2139;    0.4119;     0.427;   34.3891;    1.6503;    0.7581;    0.0417;    5.2602;    2.0083;   25.2909;   20.2328;   27.4854;   49.5407;    8.1356;  109.7599;    8.1536;   58.4053;    4.8298;   33.0572;   88.7887;  197.0013;   61.2514;   69.6192;  159.6667
2003;   16.1769;   10.2972;   21.0738;   14.2704;    0.4056;    0.4182;    33.605;    1.6017;    0.7339;    0.0408;    5.1494;    1.9441;   24.5983;   19.8625;   26.8319;    48.278;    8.0169;  106.9177;    8.0768;   57.3826;    4.7553;   32.8435;   87.5107;   192.196;    59.655;   68.6961;  156.8849
2004;   16.3186;   10.5055;   21.4556;   14.3869;    0.4081;    0.4277;    33.776;    1.6134;    0.7327;    0.0417;    5.1591;     1.931;   24.9578;   19.9557;   26.9638;   48.3594;    8.1235;  110.4028;     8.105;   58.0698;    4.8026;   33.2051;   88.5165;  195.5475;   60.8107;   69.0927;   158.815
2005;   16.1121;   10.2332;   20.9533;   14.9908;    0.4023;    0.4161;   33.1669;    1.5839;    0.7228;    0.0406;    4.9825;    1.9038;   24.4833;   19.4936;   26.0951;   47.6708;    7.9622;  106.9249;    8.0278;   56.7743;    4.7064;   32.7135;   87.0381;  190.2327;   59.3064;   68.5617;  155.9856
2006;   16.1643;   10.1004;   20.7351;   15.0032;    0.4074;    0.4102;   32.8182;    1.5859;    0.7259;    0.0401;    4.8806;    1.8902;   24.2661;    19.336;   25.5873;   47.9972;    7.8493;  105.9401;    7.8017;   55.8631;    4.6243;   33.2534;   85.4427;  188.1877;   58.7957;   69.3534;  155.5837
2007;   15.7243;    9.7198;   20.0428;   13.6578;    0.4007;    0.3937;   31.6339;    1.5547;    0.7173;    0.0386;    4.6007;    1.8352;   23.6477;   18.9908;   23.9914;   47.3165;    7.6015;   101.105;    7.5892;   53.9903;     4.492;   32.6217;   82.8526;  180.9636;   56.3494;    67.698;  150.7245
2008;   14.9014;     9.351;   19.2792;   12.3693;    0.3863;    0.3794;   30.8728;    1.5504;    0.7237;    0.0371;    4.4419;    1.8197;   23.2043;   18.3341;   23.2166;   46.8666;    7.0858;   98.4996;    6.2834;   51.3316;    4.2485;   30.6928;   74.4361;  176.3334;   55.2288;   64.8711;  144.9658
2009;   14.8289;    9.4159;   19.3765;   12.0992;    0.3825;    0.3835;   31.3209;    1.5408;    0.7164;    0.0374;     4.476;    1.7862;   22.8792;   18.2783;   23.4724;    46.417;    7.1162;   99.4471;    6.2988;   51.5575;    4.2607;   30.3967;   74.6853;  176.6384;   55.9469;   64.1319;  145.1401
2010;   14.1941;    9.0324;   18.3767;   11.9415;    0.3554;     0.369;   30.0826;    1.3992;    0.6366;    0.0358;    4.3284;    1.7158;   21.8196;   17.2195;   22.4475;   42.0836;    6.8158;   95.4598;    6.1172;   49.4729;    4.1014;   28.9476;   71.8464;  167.9079;   53.4929;   59.8817;  138.1753
2011;   14.5223;    9.2703;   19.7613;    12.069;    0.3672;    0.3773;   30.8314;    1.4462;    0.6616;    0.0372;    4.3713;    1.7285;   22.0234;   17.4604;   22.6717;   43.5965;    7.2305;    97.535;    6.2606;   50.8105;    4.2497;   29.8234;   74.7632;  170.9538;   54.8631;   61.7697;  141.9601
2012;   14.4128;    9.1038;   19.4646;   11.9685;    0.3667;    0.3688;   30.1114;    1.4385;    0.6623;    0.0366;    4.3605;    1.7242;   21.8045;   17.2013;    22.591;   43.5765;    7.1532;   95.1516;     6.253;    50.322;    4.2192;    29.725;   74.1417;  168.6526;    53.516;   61.6644;   140.068
2013;   15.0446;    9.4359;   19.1605;   12.4229;    0.3815;    0.3831;   31.1042;    1.5049;     0.696;    0.0373;    4.6046;    1.7393;   23.2047;   19.2767;   23.8907;   45.5797;    7.1733;   97.8598;    6.5584;   52.9486;    4.3531;   30.7664;   76.3519;  177.7579;   54.8724;   64.1456;  145.4555
2014;     15.23;    9.7354;    20.662;    12.419;    0.3797;    0.3939;   31.1722;    1.5083;    0.6911;    0.0389;    4.7403;    1.7889;   23.9047;   20.2971;   24.5779;   45.3544;     7.606;  100.1321;     6.759;   54.2834;    4.5173;   30.6949;   79.3222;  182.8353;   55.2173;    63.818;  147.8565
2016;    15.954;    9.9408;   21.1759;    14.286;     0.389;    0.4023;   32.4733;    1.4325;    0.6385;    0.0399;    4.7008;    1.7468;   23.2172;   19.2389;   24.2666;   43.7844;    8.2705;  101.1272;    9.0269;   56.4583;    4.7421;   33.0377;     92.43;  179.7097;   56.6286;   66.1569;  151.9953
2017;   16.1086;     9.985;   21.2227;   14.6579;    0.3888;    0.4032;     32.53;    1.4036;    0.6209;    0.0401;    4.7708;    1.7242;   23.2853;   19.4555;   24.5429;   43.0993;     8.362;   100.523;     9.191;   57.6155;    4.8198;   33.4397;   94.0023;  180.0324;   56.3101;   66.3263;  152.4246
2018;   15.5073;    9.8135;   20.8729;   13.9033;    0.3724;    0.3959;   32.0817;    1.3715;    0.6071;    0.0394;     4.711;    1.7221;   22.8209;   18.8438;   24.1787;   41.8134;    8.2763;   98.5595;    9.2425;   56.9589;    4.7742;   31.7368;   93.4928;  176.4973;   55.4158;   63.4365;  148.1752
2019;   15.3573;    9.5989;   20.1541;   14.1173;    0.3711;    0.3899;   32.4572;    1.3589;    0.6039;    0.0385;    4.5682;    1.6712;   22.0393;   17.9346;   23.4064;   41.6019;    7.9965;   97.2636;    8.9915;    54.734;     4.618;   31.6313;   90.3672;  171.4181;   55.7259;   63.3839;  146.7923
2020;   15.1319;    9.2963;   19.5767;   14.5027;    0.3658;    0.3765;   31.6817;    1.3161;    0.5851;    0.0373;    4.4611;    1.6493;   21.4688;   17.1547;    22.811;   40.6007;    7.8082;   93.8994;    8.8496;   53.2044;    4.4982;   31.4194;   88.4142;  165.8567;   54.1298;   62.8188;  143.5125

 Total N;

year;OR1;OR2;OR3;OR4;OR5;EEZ100;EEZ108;EEZ109;EEZ110;EEZ119;EEZ185;EEZ188;EEZ189;EEZ190;EEZ191;EEZ209;EEZ212;EEZ213;EEZ215;EEZ216;EEZ224;EEZ273;EEZ48;EEZ65;EEZ71;EEZ91;EEZ99
1995;   16.3698;   11.3385;   22.8625;   13.3224;    0.3999;    0.4585;   35.6253;    1.6965;    0.7639;    0.0448;    5.7554;    2.3055;   29.0979;   22.2664;   30.1692;   49.4295;     8.687;  118.6223;    9.0649;   63.2319;    5.1858;    31.466;   96.8682;  215.5546;   64.2401;   67.1272;  164.1344
1996;   16.6289;    11.329;   22.8792;   13.7519;    0.4085;    0.4593;   36.0155;    1.7047;    0.7681;    0.0448;    5.6485;    2.2752;   28.7821;   22.0794;   29.6876;    49.969;    8.6599;  119.0584;    8.8715;   62.8676;    5.1564;    32.437;   95.9053;  214.3938;   64.8702;   68.6894;  165.7966
1997;   16.6811;   11.3131;   22.8612;   14.0189;    0.4125;    0.4593;   36.2668;    1.7217;     0.779;    0.0448;    5.6146;    2.2494;   28.4538;   21.8015;   29.4891;   50.5565;    8.6398;  119.3571;    8.8042;   62.5102;    5.1373;   32.6691;   95.4066;  213.5875;   65.3714;   69.4595;  166.4629
1998;   16.8104;   11.3169;   22.8828;   14.1625;    0.4161;    0.4601;   36.6659;    1.7188;    0.7779;    0.0448;    5.6326;    2.2105;   28.0899;   21.7108;   29.5769;   50.6631;    8.6366;  119.1866;    8.7127;   62.4545;    5.1414;   33.1351;   94.9156;  212.8583;    65.745;   70.0981;  167.3236
1999;   16.7587;   11.1781;   22.6489;    14.251;    0.4157;    0.4553;   36.4268;    1.7033;    0.7709;    0.0443;    5.4882;    2.1657;   27.6101;   21.4629;   28.8702;   50.3509;      8.52;  118.0782;    8.5146;   61.4725;    5.0556;   33.2571;   93.3084;   209.754;   65.2932;   70.1058;  166.3657
2000;   16.6643;   10.8457;   22.0649;   14.3125;     0.419;    0.4406;   35.4139;    1.6901;    0.7728;     0.043;    5.3973;    2.1003;   26.5096;   20.8487;   28.3002;   50.4964;    8.3438;  113.8375;    8.3734;   60.0619;     4.948;   33.5894;   91.3255;  203.7586;   63.2858;   70.6982;  163.6341
2001;   16.5228;   10.7381;   21.8662;   14.3434;    0.4133;    0.4366;   35.1162;    1.6628;    0.7596;    0.0426;    5.3606;    2.0502;   25.9279;    20.686;   28.0985;   49.7048;    8.2751;  112.2997;     8.305;   59.5041;    4.9121;    33.204;   90.4406;  201.1261;   62.5453;   69.8617;  162.0497
2002;   16.3414;    10.516;   21.4681;   14.2139;    0.4119;     0.427;   34.3891;    1.6503;    0.7581;    0.0417;    5.2602;    2.0083;   25.2909;   20.2328;   27.4854;   49.5407;    8.1356;  109.7599;    8.1536;   58.4053;    4.8298;   33.0572;   88.7887;  197.0013;   61.2514;   69.6192;  159.6667
2003;   16.1769;   10.2972;   21.0738;   14.2704;    0.4056;    0.4182;    33.605;    1.6017;    0.7339;    0.0408;    5.1494;    1.9441;   24.5983;   19.8625;   26.8319;    48.278;    8.0169;  106.9177;    8.0768;   57.3826;    4.7553;   32.8435;   87.5107;   192.196;    59.655;   68.6961;  156.8849
2004;   16.3186;   10.5055;   21.4556;   14.3869;    0.4081;    0.4277;    33.776;    1.6134;    0.7327;    0.0417;    5.1591;     1.931;   24.9578;   19.9557;   26.9638;   48.3594;    8.1235;  110.4028;     8.105;   58.0698;    4.8026;   33.2051;   88.5165;  195.5475;   60.8107;   69.0927;   158.815
2005;   16.1121;   10.2332;   20.9533;   14.9908;    0.4023;    0.4161;   33.1669;    1.5839;    0.7228;    0.0406;    4.9825;    1.9038;   24.4833;   19.4936;   26.0951;   47.6708;    7.9622;  106.9249;    8.0278;   56.7743;    4.7064;   32.7135;   87.0381;  190.2327;   59.3064;   68.5617;  155.9856
2006;   16.1643;   10.1004;   20.7351;   15.0032;    0.4074;    0.4102;   32.8182;    1.5859;    0.7259;    0.0401;    4.8806;    1.8902;   24.2661;    19.336;   25.5873;   47.9972;    7.8493;  105.9401;    7.8017;   55.8631;    4.6243;   33.2534;   85.4427;  188.1877;   58.7957;   69.3534;  155.5837
2007;   15.7243;    9.7198;   20.0428;   13.6578;    0.4007;    0.3937;   31.6339;    1.5547;    0.7173;    0.0386;    4.6007;    1.8352;   23.6477;   18.9908;   23.9914;   47.3165;    7.6015;   101.105;    7.5892;   53.9903;     4.492;   32.6217;   82.8526;  180.9636;   56.3494;    67.698;  150.7245
2008;   14.9014;     9.351;   19.2792;   12.3693;    0.3863;    0.3794;   30.8728;    1.5504;    0.7237;    0.0371;    4.4419;    1.8197;   23.2043;   18.3341;   23.2166;   46.8666;    7.0858;   98.4996;    6.2834;   51.3316;    4.2485;   30.6928;   74.4361;  176.3334;   55.2288;   64.8711;  144.9658
2009;   14.8289;    9.4159;   19.3765;   12.0992;    0.3825;    0.3835;   31.3209;    1.5408;    0.7164;    0.0374;     4.476;    1.7862;   22.8792;   18.2783;   23.4724;    46.417;    7.1162;   99.4471;    6.2988;   51.5575;    4.2607;   30.3967;   74.6853;  176.6384;   55.9469;   64.1319;  145.1401
2010;   14.1941;    9.0324;   18.3767;   11.9415;    0.3554;     0.369;   30.0826;    1.3992;    0.6366;    0.0358;    4.3284;    1.7158;   21.8196;   17.2195;   22.4475;   42.0836;    6.8158;   95.4598;    6.1172;   49.4729;    4.1014;   28.9476;   71.8464;  167.9079;   53.4929;   59.8817;  138.1753
2011;   14.5223;    9.2703;   19.7613;    12.069;    0.3672;    0.3773;   30.8314;    1.4462;    0.6616;    0.0372;    4.3713;    1.7285;   22.0234;   17.4604;   22.6717;   43.5965;    7.2305;    97.535;    6.2606;   50.8105;    4.2497;   29.8234;   74.7632;  170.9538;   54.8631;   61.7697;  141.9601
2012;   14.4128;    9.1038;   19.4646;   11.9685;    0.3667;    0.3688;   30.1114;    1.4385;    0.6623;    0.0366;    4.3605;    1.7242;   21.8045;   17.2013;    22.591;   43.5765;    7.1532;   95.1516;     6.253;    50.322;    4.2192;    29.725;   74.1417;  168.6526;    53.516;   61.6644;   140.068
2013;   15.0446;    9.4359;   19.1605;   12.4229;    0.3815;    0.3831;   31.1042;    1.5049;     0.696;    0.0373;    4.6046;    1.7393;   23.2047;   19.2767;   23.8907;   45.5797;    7.1733;   97.8598;    6.5584;   52.9486;    4.3531;   30.7664;   76.3519;  177.7579;   54.8724;   64.1456;  145.4555
2014;     15.23;    9.7354;    20.662;    12.419;    0.3797;    0.3939;   31.1722;    1.5083;    0.6911;    0.0389;    4.7403;    1.7889;   23.9047;   20.2971;   24.5779;   45.3544;     7.606;  100.1321;     6.759;   54.2834;    4.5173;   30.6949;   79.3222;  182.8353;   55.2173;    63.818;  147.8565
2016;    15.954;    9.9408;   21.1759;    14.286;     0.389;    0.4023;   32.4733;    1.4325;    0.6385;    0.0399;    4.7008;    1.7468;   23.2172;   19.2389;   24.2666;   43.7844;    8.2705;  101.1272;    9.0269;   56.4583;    4.7421;   33.0377;     92.43;  179.7097;   56.6286;   66.1569;  151.9953
2017;   16.1086;     9.985;   21.2227;   14.6579;    0.3888;    0.4032;     32.53;    1.4036;    0.6209;    0.0401;    4.7708;    1.7242;   23.2853;   19.4555;   24.5429;   43.0993;     8.362;   100.523;     9.191;   57.6155;    4.8198;   33.4397;   94.0023;  180.0324;   56.3101;   66.3263;  152.4246
2018;   15.5073;    9.8135;   20.8729;   13.9033;    0.3724;    0.3959;   32.0817;    1.3715;    0.6071;    0.0394;     4.711;    1.7221;   22.8209;   18.8438;   24.1787;   41.8134;    8.2763;   98.5595;    9.2425;   56.9589;    4.7742;   31.7368;   93.4928;  176.4973;   55.4158;   63.4365;  148.1752
2019;   15.3573;    9.5989;   20.1541;   14.1173;    0.3711;    0.3899;   32.4572;    1.3589;    0.6039;    0.0385;    4.5682;    1.6712;   22.0393;   17.9346;   23.4064;   41.6019;    7.9965;   97.2636;    8.9915;    54.734;     4.618;   31.6313;   90.3672;  171.4181;   55.7259;   63.3839;  146.7923
2020;   15.1319;    9.2963;   19.5767;   14.5027;    0.3658;    0.3765;   31.6817;    1.3161;    0.5851;    0.0373;    4.4611;    1.6493;   21.4688;   17.1547;    22.811;   40.6007;    7.8082;   93.8994;    8.8496;   53.2044;    4.4982;   31.4194;   88.4142;  165.8567;   54.1298;   62.8188;  143.5125
